#format table ## [Custom WaveView] saved 14:57:36 Sat Mar 11 2023
XVAL v(y) 
 0.000E+00  1.800E+00 
 1.000E-02  1.800E+00 
 2.000E-02  1.800E+00 
 3.000E-02  1.800E+00 
 4.000E-02  1.800E+00 
 5.000E-02  1.800E+00 
 6.000E-02  1.800E+00 
 7.000E-02  1.800E+00 
 8.000E-02  1.800E+00 
 9.000E-02  1.800E+00 
 1.000E-01  1.800E+00 
 1.100E-01  1.800E+00 
 1.200E-01  1.800E+00 
 1.300E-01  1.800E+00 
 1.400E-01  1.800E+00 
 1.500E-01  1.800E+00 
 1.600E-01  1.800E+00 
 1.700E-01  1.800E+00 
 1.800E-01  1.800E+00 
 1.900E-01  1.800E+00 
 2.000E-01  1.800E+00 
 2.100E-01  1.800E+00 
 2.200E-01  1.800E+00 
 2.300E-01  1.800E+00 
 2.400E-01  1.800E+00 
 2.500E-01  1.800E+00 
 2.600E-01  1.800E+00 
 2.700E-01  1.800E+00 
 2.800E-01  1.800E+00 
 2.900E-01  1.800E+00 
 3.000E-01  1.800E+00 
 3.100E-01  1.800E+00 
 3.200E-01  1.800E+00 
 3.300E-01  1.800E+00 
 3.400E-01  1.800E+00 
 3.500E-01  1.800E+00 
 3.600E-01  1.800E+00 
 3.700E-01  1.800E+00 
 3.800E-01  1.800E+00 
 3.900E-01  1.800E+00 
 4.000E-01  1.800E+00 
 4.100E-01  1.800E+00 
 4.200E-01  1.800E+00 
 4.300E-01  1.800E+00 
 4.400E-01  1.800E+00 
 4.500E-01  1.799E+00 
 4.600E-01  1.799E+00 
 4.700E-01  1.799E+00 
 4.800E-01  1.799E+00 
 4.900E-01  1.799E+00 
 5.000E-01  1.799E+00 
 5.100E-01  1.798E+00 
 5.200E-01  1.798E+00 
 5.300E-01  1.797E+00 
 5.400E-01  1.797E+00 
 5.500E-01  1.796E+00 
 5.600E-01  1.796E+00 
 5.700E-01  1.795E+00 
 5.800E-01  1.794E+00 
 5.900E-01  1.793E+00 
 6.000E-01  1.792E+00 
 6.100E-01  1.790E+00 
 6.200E-01  1.789E+00 
 6.300E-01  1.787E+00 
 6.400E-01  1.785E+00 
 6.500E-01  1.783E+00 
 6.600E-01  1.781E+00 
 6.700E-01  1.779E+00 
 6.800E-01  1.776E+00 
 6.900E-01  1.773E+00 
 7.000E-01  1.770E+00 
 7.100E-01  1.767E+00 
 7.200E-01  1.763E+00 
 7.300E-01  1.759E+00 
 7.400E-01  1.755E+00 
 7.500E-01  1.750E+00 
 7.600E-01  1.744E+00 
 7.700E-01  1.739E+00 
 7.800E-01  1.732E+00 
 7.900E-01  1.725E+00 
 8.000E-01  1.717E+00 
 8.100E-01  1.708E+00 
 8.200E-01  1.697E+00 
 8.300E-01  1.685E+00 
 8.400E-01  1.671E+00 
 8.500E-01  1.653E+00 
 8.600E-01  1.629E+00 
 8.700E-01  1.592E+00 
 8.800E-01  1.496E+00 
 8.900E-01  1.079E+00 
 9.000E-01  5.831E-01 
 9.100E-01  3.481E-01 
 9.200E-01  2.530E-01 
 9.300E-01  2.033E-01 
 9.400E-01  1.699E-01 
 9.500E-01  1.446E-01 
 9.600E-01  1.244E-01 
 9.700E-01  1.076E-01 
 9.800E-01  9.338E-02 
 9.900E-01  8.117E-02 
 1.000E+00  7.058E-02 
 1.010E+00  6.134E-02 
 1.020E+00  5.323E-02 
 1.030E+00  4.610E-02 
 1.040E+00  3.983E-02 
 1.050E+00  3.431E-02 
 1.060E+00  2.946E-02 
 1.070E+00  2.520E-02 
 1.080E+00  2.148E-02 
 1.090E+00  1.823E-02 
 1.100E+00  1.540E-02 
 1.110E+00  1.296E-02 
 1.120E+00  1.085E-02 
 1.130E+00  9.053E-03 
 1.140E+00  7.518E-03 
 1.150E+00  6.218E-03 
 1.160E+00  5.123E-03 
 1.170E+00  4.206E-03 
 1.180E+00  3.441E-03 
 1.190E+00  2.806E-03 
 1.200E+00  2.283E-03 
 1.210E+00  1.852E-03 
 1.220E+00  1.500E-03 
 1.230E+00  1.212E-03 
 1.240E+00  9.774E-04 
 1.250E+00  7.871E-04 
 1.260E+00  6.328E-04 
 1.270E+00  5.080E-04 
 1.280E+00  4.072E-04 
 1.290E+00  3.260E-04 
 1.300E+00  2.605E-04 
 1.310E+00  2.079E-04 
 1.320E+00  1.657E-04 
 1.330E+00  1.318E-04 
 1.340E+00  1.047E-04 
 1.350E+00  8.306E-05 
 1.360E+00  6.579E-05 
 1.370E+00  5.205E-05 
 1.380E+00  4.112E-05 
 1.390E+00  3.245E-05 
 1.400E+00  2.557E-05 
 1.410E+00  2.013E-05 
 1.420E+00  1.584E-05 
 1.430E+00  1.245E-05 
 1.440E+00  9.774E-06 
 1.450E+00  7.670E-06 
 1.460E+00  6.016E-06 
 1.470E+00  4.716E-06 
 1.480E+00  3.695E-06 
 1.490E+00  2.895E-06 
 1.500E+00  2.267E-06 
 1.510E+00  1.776E-06 
 1.520E+00  1.391E-06 
 1.530E+00  1.090E-06 
 1.540E+00  8.543E-07 
 1.550E+00  6.701E-07 
 1.560E+00  5.261E-07 
 1.570E+00  4.135E-07 
 1.580E+00  3.256E-07 
 1.590E+00  2.569E-07 
 1.600E+00  2.032E-07 
 1.610E+00  1.612E-07 
 1.620E+00  1.285E-07 
 1.630E+00  1.029E-07 
 1.640E+00  8.289E-08 
 1.650E+00  6.727E-08 
 1.660E+00  5.506E-08 
 1.670E+00  4.552E-08 
 1.680E+00  3.806E-08 
 1.690E+00  3.222E-08 
 1.700E+00  2.765E-08 
 1.710E+00  2.407E-08 
 1.720E+00  2.127E-08 
 1.730E+00  1.907E-08 
 1.740E+00  1.734E-08 
 1.750E+00  1.598E-08 
 1.760E+00  1.490E-08 
 1.770E+00  1.406E-08 
 1.780E+00  1.338E-08 
 1.790E+00  1.285E-08 
 1.800E+00  1.242E-08 
