#format table ## [Custom WaveView] saved 14:58:08 Sat Mar 11 2023
XVAL v(y) 
 0.000E+00  1.800E+00 
 1.000E-02  1.800E+00 
 2.000E-02  1.800E+00 
 3.000E-02  1.800E+00 
 4.000E-02  1.800E+00 
 5.000E-02  1.800E+00 
 6.000E-02  1.800E+00 
 7.000E-02  1.800E+00 
 8.000E-02  1.800E+00 
 9.000E-02  1.800E+00 
 1.000E-01  1.800E+00 
 1.100E-01  1.800E+00 
 1.200E-01  1.800E+00 
 1.300E-01  1.800E+00 
 1.400E-01  1.800E+00 
 1.500E-01  1.800E+00 
 1.600E-01  1.800E+00 
 1.700E-01  1.800E+00 
 1.800E-01  1.800E+00 
 1.900E-01  1.800E+00 
 2.000E-01  1.800E+00 
 2.100E-01  1.800E+00 
 2.200E-01  1.800E+00 
 2.300E-01  1.800E+00 
 2.400E-01  1.800E+00 
 2.500E-01  1.800E+00 
 2.600E-01  1.800E+00 
 2.700E-01  1.800E+00 
 2.800E-01  1.800E+00 
 2.900E-01  1.800E+00 
 3.000E-01  1.800E+00 
 3.100E-01  1.800E+00 
 3.200E-01  1.800E+00 
 3.300E-01  1.800E+00 
 3.400E-01  1.800E+00 
 3.500E-01  1.800E+00 
 3.600E-01  1.800E+00 
 3.700E-01  1.800E+00 
 3.800E-01  1.800E+00 
 3.900E-01  1.800E+00 
 4.000E-01  1.800E+00 
 4.100E-01  1.800E+00 
 4.200E-01  1.800E+00 
 4.300E-01  1.800E+00 
 4.400E-01  1.800E+00 
 4.500E-01  1.799E+00 
 4.600E-01  1.799E+00 
 4.700E-01  1.799E+00 
 4.800E-01  1.799E+00 
 4.900E-01  1.799E+00 
 5.000E-01  1.798E+00 
 5.100E-01  1.798E+00 
 5.200E-01  1.798E+00 
 5.300E-01  1.797E+00 
 5.400E-01  1.797E+00 
 5.500E-01  1.796E+00 
 5.600E-01  1.795E+00 
 5.700E-01  1.794E+00 
 5.800E-01  1.793E+00 
 5.900E-01  1.792E+00 
 6.000E-01  1.791E+00 
 6.100E-01  1.790E+00 
 6.200E-01  1.788E+00 
 6.300E-01  1.786E+00 
 6.400E-01  1.784E+00 
 6.500E-01  1.782E+00 
 6.600E-01  1.780E+00 
 6.700E-01  1.777E+00 
 6.800E-01  1.774E+00 
 6.900E-01  1.771E+00 
 7.000E-01  1.768E+00 
 7.100E-01  1.764E+00 
 7.200E-01  1.760E+00 
 7.300E-01  1.756E+00 
 7.400E-01  1.751E+00 
 7.500E-01  1.746E+00 
 7.600E-01  1.740E+00 
 7.700E-01  1.734E+00 
 7.800E-01  1.727E+00 
 7.900E-01  1.719E+00 
 8.000E-01  1.710E+00 
 8.100E-01  1.700E+00 
 8.200E-01  1.688E+00 
 8.300E-01  1.674E+00 
 8.400E-01  1.657E+00 
 8.500E-01  1.635E+00 
 8.600E-01  1.604E+00 
 8.700E-01  1.544E+00 
 8.800E-01  1.263E+00 
 8.900E-01  7.340E-01 
 9.000E-01  4.086E-01 
 9.100E-01  2.786E-01 
 9.200E-01  2.181E-01 
 9.300E-01  1.804E-01 
 9.400E-01  1.530E-01 
 9.500E-01  1.314E-01 
 9.600E-01  1.137E-01 
 9.700E-01  9.875E-02 
 9.800E-01  8.599E-02 
 9.900E-01  7.495E-02 
 1.000E+00  6.531E-02 
 1.010E+00  5.686E-02 
 1.020E+00  4.942E-02 
 1.030E+00  4.286E-02 
 1.040E+00  3.707E-02 
 1.050E+00  3.197E-02 
 1.060E+00  2.748E-02 
 1.070E+00  2.352E-02 
 1.080E+00  2.006E-02 
 1.090E+00  1.704E-02 
 1.100E+00  1.441E-02 
 1.110E+00  1.213E-02 
 1.120E+00  1.016E-02 
 1.130E+00  8.481E-03 
 1.140E+00  7.046E-03 
 1.150E+00  5.830E-03 
 1.160E+00  4.805E-03 
 1.170E+00  3.946E-03 
 1.180E+00  3.229E-03 
 1.190E+00  2.634E-03 
 1.200E+00  2.143E-03 
 1.210E+00  1.739E-03 
 1.220E+00  1.409E-03 
 1.230E+00  1.138E-03 
 1.240E+00  9.183E-04 
 1.250E+00  7.396E-04 
 1.260E+00  5.947E-04 
 1.270E+00  4.775E-04 
 1.280E+00  3.828E-04 
 1.290E+00  3.064E-04 
 1.300E+00  2.449E-04 
 1.310E+00  1.955E-04 
 1.320E+00  1.558E-04 
 1.330E+00  1.239E-04 
 1.340E+00  9.848E-05 
 1.350E+00  7.813E-05 
 1.360E+00  6.190E-05 
 1.370E+00  4.897E-05 
 1.380E+00  3.869E-05 
 1.390E+00  3.053E-05 
 1.400E+00  2.407E-05 
 1.410E+00  1.895E-05 
 1.420E+00  1.491E-05 
 1.430E+00  1.172E-05 
 1.440E+00  9.202E-06 
 1.450E+00  7.221E-06 
 1.460E+00  5.664E-06 
 1.470E+00  4.441E-06 
 1.480E+00  3.480E-06 
 1.490E+00  2.726E-06 
 1.500E+00  2.136E-06 
 1.510E+00  1.673E-06 
 1.520E+00  1.311E-06 
 1.530E+00  1.027E-06 
 1.540E+00  8.053E-07 
 1.550E+00  6.318E-07 
 1.560E+00  4.962E-07 
 1.570E+00  3.902E-07 
 1.580E+00  3.073E-07 
 1.590E+00  2.426E-07 
 1.600E+00  1.921E-07 
 1.610E+00  1.526E-07 
 1.620E+00  1.217E-07 
 1.630E+00  9.760E-08 
 1.640E+00  7.876E-08 
 1.650E+00  6.405E-08 
 1.660E+00  5.255E-08 
 1.670E+00  4.356E-08 
 1.680E+00  3.653E-08 
 1.690E+00  3.102E-08 
 1.700E+00  2.672E-08 
 1.710E+00  2.334E-08 
 1.720E+00  2.070E-08 
 1.730E+00  1.862E-08 
 1.740E+00  1.699E-08 
 1.750E+00  1.571E-08 
 1.760E+00  1.469E-08 
 1.770E+00  1.389E-08 
 1.780E+00  1.325E-08 
 1.790E+00  1.275E-08 
 1.800E+00  1.234E-08 
