#format table ## [Custom WaveView] saved 15:35:30 Sat Mar 11 2023
XVAL v(y) 
 0.000E+00  1.800E+00 
 1.000E-02  1.800E+00 
 2.000E-02  1.800E+00 
 3.000E-02  1.800E+00 
 4.000E-02  1.800E+00 
 5.000E-02  1.800E+00 
 6.000E-02  1.800E+00 
 7.000E-02  1.800E+00 
 8.000E-02  1.800E+00 
 9.000E-02  1.800E+00 
 1.000E-01  1.800E+00 
 1.100E-01  1.800E+00 
 1.200E-01  1.800E+00 
 1.300E-01  1.800E+00 
 1.400E-01  1.800E+00 
 1.500E-01  1.800E+00 
 1.600E-01  1.800E+00 
 1.700E-01  1.800E+00 
 1.800E-01  1.800E+00 
 1.900E-01  1.800E+00 
 2.000E-01  1.800E+00 
 2.100E-01  1.800E+00 
 2.200E-01  1.800E+00 
 2.300E-01  1.800E+00 
 2.400E-01  1.800E+00 
 2.500E-01  1.800E+00 
 2.600E-01  1.800E+00 
 2.700E-01  1.800E+00 
 2.800E-01  1.800E+00 
 2.900E-01  1.800E+00 
 3.000E-01  1.800E+00 
 3.100E-01  1.800E+00 
 3.200E-01  1.800E+00 
 3.300E-01  1.800E+00 
 3.400E-01  1.800E+00 
 3.500E-01  1.800E+00 
 3.600E-01  1.800E+00 
 3.700E-01  1.799E+00 
 3.800E-01  1.799E+00 
 3.900E-01  1.799E+00 
 4.000E-01  1.799E+00 
 4.100E-01  1.798E+00 
 4.200E-01  1.798E+00 
 4.300E-01  1.798E+00 
 4.400E-01  1.797E+00 
 4.500E-01  1.796E+00 
 4.600E-01  1.795E+00 
 4.700E-01  1.794E+00 
 4.800E-01  1.793E+00 
 4.900E-01  1.791E+00 
 5.000E-01  1.789E+00 
 5.100E-01  1.787E+00 
 5.200E-01  1.784E+00 
 5.300E-01  1.781E+00 
 5.400E-01  1.777E+00 
 5.500E-01  1.772E+00 
 5.600E-01  1.767E+00 
 5.700E-01  1.761E+00 
 5.800E-01  1.754E+00 
 5.900E-01  1.746E+00 
 6.000E-01  1.737E+00 
 6.100E-01  1.726E+00 
 6.200E-01  1.714E+00 
 6.300E-01  1.701E+00 
 6.400E-01  1.685E+00 
 6.500E-01  1.667E+00 
 6.600E-01  1.646E+00 
 6.700E-01  1.621E+00 
 6.800E-01  1.590E+00 
 6.900E-01  1.552E+00 
 7.000E-01  1.498E+00 
 7.100E-01  1.395E+00 
 7.200E-01  1.015E+00 
 7.300E-01  5.331E-01 
 7.400E-01  2.887E-01 
 7.500E-01  1.943E-01 
 7.600E-01  1.538E-01 
 7.700E-01  1.297E-01 
 7.800E-01  1.125E-01 
 7.900E-01  9.918E-02 
 8.000E-01  8.835E-02 
 8.100E-01  7.926E-02 
 8.200E-01  7.147E-02 
 8.300E-01  6.468E-02 
 8.400E-01  5.871E-02 
 8.500E-01  5.340E-02 
 8.600E-01  4.865E-02 
 8.700E-01  4.437E-02 
 8.800E-01  4.050E-02 
 8.900E-01  3.697E-02 
 9.000E-01  3.376E-02 
 9.100E-01  3.081E-02 
 9.200E-01  2.811E-02 
 9.300E-01  2.563E-02 
 9.400E-01  2.335E-02 
 9.500E-01  2.125E-02 
 9.600E-01  1.931E-02 
 9.700E-01  1.751E-02 
 9.800E-01  1.586E-02 
 9.900E-01  1.433E-02 
 1.000E+00  1.292E-02 
 1.010E+00  1.163E-02 
 1.020E+00  1.043E-02 
 1.030E+00  9.328E-03 
 1.040E+00  8.317E-03 
 1.050E+00  7.390E-03 
 1.060E+00  6.543E-03 
 1.070E+00  5.770E-03 
 1.080E+00  5.068E-03 
 1.090E+00  4.433E-03 
 1.100E+00  3.859E-03 
 1.110E+00  3.345E-03 
 1.120E+00  2.884E-03 
 1.130E+00  2.475E-03 
 1.140E+00  2.114E-03 
 1.150E+00  1.796E-03 
 1.160E+00  1.518E-03 
 1.170E+00  1.277E-03 
 1.180E+00  1.069E-03 
 1.190E+00  8.901E-04 
 1.200E+00  7.382E-04 
 1.210E+00  6.096E-04 
 1.220E+00  5.014E-04 
 1.230E+00  4.110E-04 
 1.240E+00  3.358E-04 
 1.250E+00  2.735E-04 
 1.260E+00  2.222E-04 
 1.270E+00  1.801E-04 
 1.280E+00  1.457E-04 
 1.290E+00  1.177E-04 
 1.300E+00  9.485E-05 
 1.310E+00  7.633E-05 
 1.320E+00  6.134E-05 
 1.330E+00  4.921E-05 
 1.340E+00  3.942E-05 
 1.350E+00  3.153E-05 
 1.360E+00  2.519E-05 
 1.370E+00  2.009E-05 
 1.380E+00  1.599E-05 
 1.390E+00  1.272E-05 
 1.400E+00  1.010E-05 
 1.410E+00  8.007E-06 
 1.420E+00  6.340E-06 
 1.430E+00  5.015E-06 
 1.440E+00  3.962E-06 
 1.450E+00  3.127E-06 
 1.460E+00  2.466E-06 
 1.470E+00  1.943E-06 
 1.480E+00  1.531E-06 
 1.490E+00  1.205E-06 
 1.500E+00  9.487E-07 
 1.510E+00  7.469E-07 
 1.520E+00  5.882E-07 
 1.530E+00  4.636E-07 
 1.540E+00  3.657E-07 
 1.550E+00  2.890E-07 
 1.560E+00  2.288E-07 
 1.570E+00  1.816E-07 
 1.580E+00  1.447E-07 
 1.590E+00  1.157E-07 
 1.600E+00  9.309E-08 
 1.610E+00  7.535E-08 
 1.620E+00  6.147E-08 
 1.630E+00  5.061E-08 
 1.640E+00  4.210E-08 
 1.650E+00  3.544E-08 
 1.660E+00  3.023E-08 
 1.670E+00  2.614E-08 
 1.680E+00  2.293E-08 
 1.690E+00  2.041E-08 
 1.700E+00  1.844E-08 
 1.710E+00  1.688E-08 
 1.720E+00  1.565E-08 
 1.730E+00  1.468E-08 
 1.740E+00  1.391E-08 
 1.750E+00  1.330E-08 
 1.760E+00  1.282E-08 
 1.770E+00  1.242E-08 
 1.780E+00  1.211E-08 
 1.790E+00  1.185E-08 
 1.800E+00  1.164E-08 
