#format table ## [Custom WaveView] saved 15:00:40 Sat Mar 11 2023
XVAL v(y) 
 0.000E+00  1.800E+00 
 1.000E-02  1.800E+00 
 2.000E-02  1.800E+00 
 3.000E-02  1.800E+00 
 4.000E-02  1.800E+00 
 5.000E-02  1.800E+00 
 6.000E-02  1.800E+00 
 7.000E-02  1.800E+00 
 8.000E-02  1.800E+00 
 9.000E-02  1.800E+00 
 1.000E-01  1.800E+00 
 1.100E-01  1.800E+00 
 1.200E-01  1.800E+00 
 1.300E-01  1.800E+00 
 1.400E-01  1.800E+00 
 1.500E-01  1.800E+00 
 1.600E-01  1.800E+00 
 1.700E-01  1.800E+00 
 1.800E-01  1.800E+00 
 1.900E-01  1.800E+00 
 2.000E-01  1.800E+00 
 2.100E-01  1.800E+00 
 2.200E-01  1.800E+00 
 2.300E-01  1.800E+00 
 2.400E-01  1.800E+00 
 2.500E-01  1.800E+00 
 2.600E-01  1.800E+00 
 2.700E-01  1.800E+00 
 2.800E-01  1.800E+00 
 2.900E-01  1.800E+00 
 3.000E-01  1.800E+00 
 3.100E-01  1.800E+00 
 3.200E-01  1.800E+00 
 3.300E-01  1.800E+00 
 3.400E-01  1.800E+00 
 3.500E-01  1.800E+00 
 3.600E-01  1.800E+00 
 3.700E-01  1.800E+00 
 3.800E-01  1.800E+00 
 3.900E-01  1.800E+00 
 4.000E-01  1.800E+00 
 4.100E-01  1.800E+00 
 4.200E-01  1.800E+00 
 4.300E-01  1.800E+00 
 4.400E-01  1.799E+00 
 4.500E-01  1.799E+00 
 4.600E-01  1.799E+00 
 4.700E-01  1.799E+00 
 4.800E-01  1.799E+00 
 4.900E-01  1.798E+00 
 5.000E-01  1.798E+00 
 5.100E-01  1.798E+00 
 5.200E-01  1.797E+00 
 5.300E-01  1.797E+00 
 5.400E-01  1.796E+00 
 5.500E-01  1.795E+00 
 5.600E-01  1.794E+00 
 5.700E-01  1.793E+00 
 5.800E-01  1.792E+00 
 5.900E-01  1.791E+00 
 6.000E-01  1.789E+00 
 6.100E-01  1.788E+00 
 6.200E-01  1.786E+00 
 6.300E-01  1.784E+00 
 6.400E-01  1.782E+00 
 6.500E-01  1.779E+00 
 6.600E-01  1.776E+00 
 6.700E-01  1.773E+00 
 6.800E-01  1.770E+00 
 6.900E-01  1.766E+00 
 7.000E-01  1.762E+00 
 7.100E-01  1.758E+00 
 7.200E-01  1.753E+00 
 7.300E-01  1.748E+00 
 7.400E-01  1.742E+00 
 7.500E-01  1.736E+00 
 7.600E-01  1.729E+00 
 7.700E-01  1.721E+00 
 7.800E-01  1.712E+00 
 7.900E-01  1.702E+00 
 8.000E-01  1.691E+00 
 8.100E-01  1.677E+00 
 8.200E-01  1.662E+00 
 8.300E-01  1.642E+00 
 8.400E-01  1.616E+00 
 8.500E-01  1.575E+00 
 8.600E-01  1.460E+00 
 8.700E-01  1.020E+00 
 8.800E-01  5.519E-01 
 8.900E-01  3.346E-01 
 9.000E-01  2.451E-01 
 9.100E-01  1.980E-01 
 9.200E-01  1.663E-01 
 9.300E-01  1.424E-01 
 9.400E-01  1.232E-01 
 9.500E-01  1.072E-01 
 9.600E-01  9.370E-02 
 9.700E-01  8.202E-02 
 9.800E-01  7.185E-02 
 9.900E-01  6.293E-02 
 1.000E+00  5.506E-02 
 1.010E+00  4.811E-02 
 1.020E+00  4.194E-02 
 1.030E+00  3.647E-02 
 1.040E+00  3.163E-02 
 1.050E+00  2.733E-02 
 1.060E+00  2.353E-02 
 1.070E+00  2.019E-02 
 1.080E+00  1.724E-02 
 1.090E+00  1.467E-02 
 1.100E+00  1.242E-02 
 1.110E+00  1.047E-02 
 1.120E+00  8.783E-03 
 1.130E+00  7.337E-03 
 1.140E+00  6.102E-03 
 1.150E+00  5.054E-03 
 1.160E+00  4.169E-03 
 1.170E+00  3.426E-03 
 1.180E+00  2.805E-03 
 1.190E+00  2.290E-03 
 1.200E+00  1.864E-03 
 1.210E+00  1.514E-03 
 1.220E+00  1.226E-03 
 1.230E+00  9.912E-04 
 1.240E+00  7.999E-04 
 1.250E+00  6.444E-04 
 1.260E+00  5.183E-04 
 1.270E+00  4.162E-04 
 1.280E+00  3.338E-04 
 1.290E+00  2.673E-04 
 1.300E+00  2.137E-04 
 1.310E+00  1.706E-04 
 1.320E+00  1.360E-04 
 1.330E+00  1.082E-04 
 1.340E+00  8.601E-05 
 1.350E+00  6.825E-05 
 1.360E+00  5.409E-05 
 1.370E+00  4.280E-05 
 1.380E+00  3.383E-05 
 1.390E+00  2.670E-05 
 1.400E+00  2.105E-05 
 1.410E+00  1.658E-05 
 1.420E+00  1.304E-05 
 1.430E+00  1.025E-05 
 1.440E+00  8.055E-06 
 1.450E+00  6.323E-06 
 1.460E+00  4.960E-06 
 1.470E+00  3.890E-06 
 1.480E+00  3.049E-06 
 1.490E+00  2.389E-06 
 1.500E+00  1.872E-06 
 1.510E+00  1.467E-06 
 1.520E+00  1.150E-06 
 1.530E+00  9.013E-07 
 1.540E+00  7.070E-07 
 1.550E+00  5.551E-07 
 1.560E+00  4.363E-07 
 1.570E+00  3.434E-07 
 1.580E+00  2.708E-07 
 1.590E+00  2.141E-07 
 1.600E+00  1.698E-07 
 1.610E+00  1.352E-07 
 1.620E+00  1.081E-07 
 1.630E+00  8.701E-08 
 1.640E+00  7.050E-08 
 1.650E+00  5.760E-08 
 1.660E+00  4.751E-08 
 1.670E+00  3.963E-08 
 1.680E+00  3.346E-08 
 1.690E+00  2.863E-08 
 1.700E+00  2.485E-08 
 1.710E+00  2.188E-08 
 1.720E+00  1.956E-08 
 1.730E+00  1.773E-08 
 1.740E+00  1.630E-08 
 1.750E+00  1.516E-08 
 1.760E+00  1.427E-08 
 1.770E+00  1.356E-08 
 1.780E+00  1.300E-08 
 1.790E+00  1.255E-08 
 1.800E+00  1.219E-08 
