#format table ## [Custom WaveView] saved 14:24:40 Sat Mar 11 2023
XVAL v(y) 
 0.000E+00  1.800E+00 
 1.000E-02  1.800E+00 
 2.000E-02  1.800E+00 
 3.000E-02  1.800E+00 
 4.000E-02  1.800E+00 
 5.000E-02  1.800E+00 
 6.000E-02  1.800E+00 
 7.000E-02  1.800E+00 
 8.000E-02  1.800E+00 
 9.000E-02  1.800E+00 
 1.000E-01  1.800E+00 
 1.100E-01  1.800E+00 
 1.200E-01  1.800E+00 
 1.300E-01  1.800E+00 
 1.400E-01  1.800E+00 
 1.500E-01  1.800E+00 
 1.600E-01  1.800E+00 
 1.700E-01  1.800E+00 
 1.800E-01  1.800E+00 
 1.900E-01  1.800E+00 
 2.000E-01  1.800E+00 
 2.100E-01  1.800E+00 
 2.200E-01  1.800E+00 
 2.300E-01  1.800E+00 
 2.400E-01  1.800E+00 
 2.500E-01  1.800E+00 
 2.600E-01  1.800E+00 
 2.700E-01  1.800E+00 
 2.800E-01  1.800E+00 
 2.900E-01  1.800E+00 
 3.000E-01  1.800E+00 
 3.100E-01  1.800E+00 
 3.200E-01  1.800E+00 
 3.300E-01  1.800E+00 
 3.400E-01  1.800E+00 
 3.500E-01  1.800E+00 
 3.600E-01  1.800E+00 
 3.700E-01  1.800E+00 
 3.800E-01  1.800E+00 
 3.900E-01  1.800E+00 
 4.000E-01  1.800E+00 
 4.100E-01  1.800E+00 
 4.200E-01  1.800E+00 
 4.300E-01  1.800E+00 
 4.400E-01  1.800E+00 
 4.500E-01  1.800E+00 
 4.600E-01  1.799E+00 
 4.700E-01  1.799E+00 
 4.800E-01  1.799E+00 
 4.900E-01  1.799E+00 
 5.000E-01  1.799E+00 
 5.100E-01  1.798E+00 
 5.200E-01  1.798E+00 
 5.300E-01  1.798E+00 
 5.400E-01  1.797E+00 
 5.500E-01  1.796E+00 
 5.600E-01  1.796E+00 
 5.700E-01  1.795E+00 
 5.800E-01  1.794E+00 
 5.900E-01  1.793E+00 
 6.000E-01  1.792E+00 
 6.100E-01  1.791E+00 
 6.200E-01  1.789E+00 
 6.300E-01  1.788E+00 
 6.400E-01  1.786E+00 
 6.500E-01  1.784E+00 
 6.600E-01  1.782E+00 
 6.700E-01  1.780E+00 
 6.800E-01  1.778E+00 
 6.900E-01  1.775E+00 
 7.000E-01  1.772E+00 
 7.100E-01  1.769E+00 
 7.200E-01  1.766E+00 
 7.300E-01  1.762E+00 
 7.400E-01  1.758E+00 
 7.500E-01  1.753E+00 
 7.600E-01  1.748E+00 
 7.700E-01  1.743E+00 
 7.800E-01  1.737E+00 
 7.900E-01  1.730E+00 
 8.000E-01  1.723E+00 
 8.100E-01  1.715E+00 
 8.200E-01  1.705E+00 
 8.300E-01  1.695E+00 
 8.400E-01  1.682E+00 
 8.500E-01  1.666E+00 
 8.600E-01  1.647E+00 
 8.700E-01  1.620E+00 
 8.800E-01  1.572E+00 
 8.900E-01  1.375E+00 
 9.000E-01  8.533E-01 
 9.100E-01  4.596E-01 
 9.200E-01  3.003E-01 
 9.300E-01  2.301E-01 
 9.400E-01  1.885E-01 
 9.500E-01  1.588E-01 
 9.600E-01  1.356E-01 
 9.700E-01  1.168E-01 
 9.800E-01  1.010E-01 
 9.900E-01  8.755E-02 
 1.000E+00  7.596E-02 
 1.010E+00  6.589E-02 
 1.020E+00  5.709E-02 
 1.030E+00  4.938E-02 
 1.040E+00  4.262E-02 
 1.050E+00  3.667E-02 
 1.060E+00  3.146E-02 
 1.070E+00  2.689E-02 
 1.080E+00  2.290E-02 
 1.090E+00  1.942E-02 
 1.100E+00  1.640E-02 
 1.110E+00  1.379E-02 
 1.120E+00  1.155E-02 
 1.130E+00  9.625E-03 
 1.140E+00  7.990E-03 
 1.150E+00  6.606E-03 
 1.160E+00  5.441E-03 
 1.170E+00  4.465E-03 
 1.180E+00  3.652E-03 
 1.190E+00  2.978E-03 
 1.200E+00  2.422E-03 
 1.210E+00  1.965E-03 
 1.220E+00  1.591E-03 
 1.230E+00  1.285E-03 
 1.240E+00  1.036E-03 
 1.250E+00  8.346E-04 
 1.260E+00  6.709E-04 
 1.270E+00  5.386E-04 
 1.280E+00  4.317E-04 
 1.290E+00  3.455E-04 
 1.300E+00  2.761E-04 
 1.310E+00  2.203E-04 
 1.320E+00  1.755E-04 
 1.330E+00  1.396E-04 
 1.340E+00  1.109E-04 
 1.350E+00  8.798E-05 
 1.360E+00  6.969E-05 
 1.370E+00  5.512E-05 
 1.380E+00  4.355E-05 
 1.390E+00  3.436E-05 
 1.400E+00  2.708E-05 
 1.410E+00  2.132E-05 
 1.420E+00  1.677E-05 
 1.430E+00  1.318E-05 
 1.440E+00  1.035E-05 
 1.450E+00  8.118E-06 
 1.460E+00  6.367E-06 
 1.470E+00  4.991E-06 
 1.480E+00  3.910E-06 
 1.490E+00  3.063E-06 
 1.500E+00  2.399E-06 
 1.510E+00  1.879E-06 
 1.520E+00  1.471E-06 
 1.530E+00  1.153E-06 
 1.540E+00  9.034E-07 
 1.550E+00  7.084E-07 
 1.560E+00  5.560E-07 
 1.570E+00  4.369E-07 
 1.580E+00  3.438E-07 
 1.590E+00  2.711E-07 
 1.600E+00  2.143E-07 
 1.610E+00  1.699E-07 
 1.620E+00  1.352E-07 
 1.630E+00  1.082E-07 
 1.640E+00  8.701E-08 
 1.650E+00  7.049E-08 
 1.660E+00  5.757E-08 
 1.670E+00  4.748E-08 
 1.680E+00  3.959E-08 
 1.690E+00  3.342E-08 
 1.700E+00  2.859E-08 
 1.710E+00  2.480E-08 
 1.720E+00  2.184E-08 
 1.730E+00  1.951E-08 
 1.740E+00  1.769E-08 
 1.750E+00  1.625E-08 
 1.760E+00  1.512E-08 
 1.770E+00  1.422E-08 
 1.780E+00  1.351E-08 
 1.790E+00  1.295E-08 
 1.800E+00  1.250E-08 
