#format table ## [Custom WaveView] saved 14:54:25 Sat Mar 11 2023
XVAL v(y) 
 0.000E+00  1.800E+00 
 1.000E-02  1.800E+00 
 2.000E-02  1.800E+00 
 3.000E-02  1.800E+00 
 4.000E-02  1.800E+00 
 5.000E-02  1.800E+00 
 6.000E-02  1.800E+00 
 7.000E-02  1.800E+00 
 8.000E-02  1.800E+00 
 9.000E-02  1.800E+00 
 1.000E-01  1.800E+00 
 1.100E-01  1.800E+00 
 1.200E-01  1.800E+00 
 1.300E-01  1.800E+00 
 1.400E-01  1.800E+00 
 1.500E-01  1.800E+00 
 1.600E-01  1.800E+00 
 1.700E-01  1.800E+00 
 1.800E-01  1.800E+00 
 1.900E-01  1.800E+00 
 2.000E-01  1.800E+00 
 2.100E-01  1.800E+00 
 2.200E-01  1.800E+00 
 2.300E-01  1.800E+00 
 2.400E-01  1.800E+00 
 2.500E-01  1.800E+00 
 2.600E-01  1.800E+00 
 2.700E-01  1.800E+00 
 2.800E-01  1.800E+00 
 2.900E-01  1.800E+00 
 3.000E-01  1.800E+00 
 3.100E-01  1.800E+00 
 3.200E-01  1.800E+00 
 3.300E-01  1.800E+00 
 3.400E-01  1.800E+00 
 3.500E-01  1.800E+00 
 3.600E-01  1.800E+00 
 3.700E-01  1.800E+00 
 3.800E-01  1.800E+00 
 3.900E-01  1.800E+00 
 4.000E-01  1.800E+00 
 4.100E-01  1.800E+00 
 4.200E-01  1.800E+00 
 4.300E-01  1.800E+00 
 4.400E-01  1.800E+00 
 4.500E-01  1.800E+00 
 4.600E-01  1.799E+00 
 4.700E-01  1.799E+00 
 4.800E-01  1.799E+00 
 4.900E-01  1.799E+00 
 5.000E-01  1.799E+00 
 5.100E-01  1.798E+00 
 5.200E-01  1.798E+00 
 5.300E-01  1.798E+00 
 5.400E-01  1.797E+00 
 5.500E-01  1.797E+00 
 5.600E-01  1.796E+00 
 5.700E-01  1.795E+00 
 5.800E-01  1.795E+00 
 5.900E-01  1.794E+00 
 6.000E-01  1.793E+00 
 6.100E-01  1.791E+00 
 6.200E-01  1.790E+00 
 6.300E-01  1.789E+00 
 6.400E-01  1.787E+00 
 6.500E-01  1.785E+00 
 6.600E-01  1.783E+00 
 6.700E-01  1.781E+00 
 6.800E-01  1.779E+00 
 6.900E-01  1.777E+00 
 7.000E-01  1.774E+00 
 7.100E-01  1.771E+00 
 7.200E-01  1.768E+00 
 7.300E-01  1.764E+00 
 7.400E-01  1.760E+00 
 7.500E-01  1.756E+00 
 7.600E-01  1.752E+00 
 7.700E-01  1.747E+00 
 7.800E-01  1.741E+00 
 7.900E-01  1.735E+00 
 8.000E-01  1.728E+00 
 8.100E-01  1.721E+00 
 8.200E-01  1.712E+00 
 8.300E-01  1.702E+00 
 8.400E-01  1.691E+00 
 8.500E-01  1.677E+00 
 8.600E-01  1.661E+00 
 8.700E-01  1.639E+00 
 8.800E-01  1.606E+00 
 8.900E-01  1.530E+00 
 9.000E-01  1.164E+00 
 9.100E-01  6.382E-01 
 9.200E-01  3.695E-01 
 9.300E-01  2.633E-01 
 9.400E-01  2.096E-01 
 9.500E-01  1.742E-01 
 9.600E-01  1.476E-01 
 9.700E-01  1.264E-01 
 9.800E-01  1.089E-01 
 9.900E-01  9.410E-02 
 1.000E+00  8.145E-02 
 1.010E+00  7.052E-02 
 1.020E+00  6.101E-02 
 1.030E+00  5.270E-02 
 1.040E+00  4.542E-02 
 1.050E+00  3.905E-02 
 1.060E+00  3.347E-02 
 1.070E+00  2.859E-02 
 1.080E+00  2.432E-02 
 1.090E+00  2.062E-02 
 1.100E+00  1.740E-02 
 1.110E+00  1.462E-02 
 1.120E+00  1.224E-02 
 1.130E+00  1.020E-02 
 1.140E+00  8.463E-03 
 1.150E+00  6.994E-03 
 1.160E+00  5.759E-03 
 1.170E+00  4.725E-03 
 1.180E+00  3.864E-03 
 1.190E+00  3.150E-03 
 1.200E+00  2.561E-03 
 1.210E+00  2.078E-03 
 1.220E+00  1.682E-03 
 1.230E+00  1.359E-03 
 1.240E+00  1.096E-03 
 1.250E+00  8.820E-04 
 1.260E+00  7.090E-04 
 1.270E+00  5.691E-04 
 1.280E+00  4.561E-04 
 1.290E+00  3.650E-04 
 1.300E+00  2.917E-04 
 1.310E+00  2.327E-04 
 1.320E+00  1.854E-04 
 1.330E+00  1.475E-04 
 1.340E+00  1.171E-04 
 1.350E+00  9.290E-05 
 1.360E+00  7.358E-05 
 1.370E+00  5.820E-05 
 1.380E+00  4.597E-05 
 1.390E+00  3.627E-05 
 1.400E+00  2.858E-05 
 1.410E+00  2.250E-05 
 1.420E+00  1.770E-05 
 1.430E+00  1.390E-05 
 1.440E+00  1.092E-05 
 1.450E+00  8.566E-06 
 1.460E+00  6.718E-06 
 1.470E+00  5.265E-06 
 1.480E+00  4.125E-06 
 1.490E+00  3.231E-06 
 1.500E+00  2.530E-06 
 1.510E+00  1.981E-06 
 1.520E+00  1.552E-06 
 1.530E+00  1.215E-06 
 1.540E+00  9.524E-07 
 1.550E+00  7.467E-07 
 1.560E+00  5.859E-07 
 1.570E+00  4.602E-07 
 1.580E+00  3.620E-07 
 1.590E+00  2.853E-07 
 1.600E+00  2.254E-07 
 1.610E+00  1.786E-07 
 1.620E+00  1.420E-07 
 1.630E+00  1.134E-07 
 1.640E+00  9.113E-08 
 1.650E+00  7.370E-08 
 1.660E+00  6.008E-08 
 1.670E+00  4.944E-08 
 1.680E+00  4.112E-08 
 1.690E+00  3.461E-08 
 1.700E+00  2.952E-08 
 1.710E+00  2.553E-08 
 1.720E+00  2.241E-08 
 1.730E+00  1.996E-08 
 1.740E+00  1.803E-08 
 1.750E+00  1.652E-08 
 1.760E+00  1.533E-08 
 1.770E+00  1.439E-08 
 1.780E+00  1.364E-08 
 1.790E+00  1.305E-08 
 1.800E+00  1.258E-08 
