#format table ## [Custom WaveView] saved 14:55:20 Sat Mar 11 2023
XVAL v(y) 
 0.000E+00  1.800E+00 
 1.000E-02  1.800E+00 
 2.000E-02  1.800E+00 
 3.000E-02  1.800E+00 
 4.000E-02  1.800E+00 
 5.000E-02  1.800E+00 
 6.000E-02  1.800E+00 
 7.000E-02  1.800E+00 
 8.000E-02  1.800E+00 
 9.000E-02  1.800E+00 
 1.000E-01  1.800E+00 
 1.100E-01  1.800E+00 
 1.200E-01  1.800E+00 
 1.300E-01  1.800E+00 
 1.400E-01  1.800E+00 
 1.500E-01  1.800E+00 
 1.600E-01  1.800E+00 
 1.700E-01  1.800E+00 
 1.800E-01  1.800E+00 
 1.900E-01  1.800E+00 
 2.000E-01  1.800E+00 
 2.100E-01  1.800E+00 
 2.200E-01  1.800E+00 
 2.300E-01  1.800E+00 
 2.400E-01  1.800E+00 
 2.500E-01  1.800E+00 
 2.600E-01  1.800E+00 
 2.700E-01  1.800E+00 
 2.800E-01  1.800E+00 
 2.900E-01  1.800E+00 
 3.000E-01  1.800E+00 
 3.100E-01  1.800E+00 
 3.200E-01  1.800E+00 
 3.300E-01  1.800E+00 
 3.400E-01  1.800E+00 
 3.500E-01  1.800E+00 
 3.600E-01  1.800E+00 
 3.700E-01  1.800E+00 
 3.800E-01  1.800E+00 
 3.900E-01  1.800E+00 
 4.000E-01  1.800E+00 
 4.100E-01  1.800E+00 
 4.200E-01  1.800E+00 
 4.300E-01  1.800E+00 
 4.400E-01  1.800E+00 
 4.500E-01  1.800E+00 
 4.600E-01  1.799E+00 
 4.700E-01  1.799E+00 
 4.800E-01  1.799E+00 
 4.900E-01  1.799E+00 
 5.000E-01  1.799E+00 
 5.100E-01  1.799E+00 
 5.200E-01  1.798E+00 
 5.300E-01  1.798E+00 
 5.400E-01  1.797E+00 
 5.500E-01  1.797E+00 
 5.600E-01  1.796E+00 
 5.700E-01  1.796E+00 
 5.800E-01  1.795E+00 
 5.900E-01  1.794E+00 
 6.000E-01  1.793E+00 
 6.100E-01  1.792E+00 
 6.200E-01  1.791E+00 
 6.300E-01  1.789E+00 
 6.400E-01  1.788E+00 
 6.500E-01  1.786E+00 
 6.600E-01  1.784E+00 
 6.700E-01  1.782E+00 
 6.800E-01  1.780E+00 
 6.900E-01  1.778E+00 
 7.000E-01  1.775E+00 
 7.100E-01  1.773E+00 
 7.200E-01  1.770E+00 
 7.300E-01  1.766E+00 
 7.400E-01  1.763E+00 
 7.500E-01  1.759E+00 
 7.600E-01  1.755E+00 
 7.700E-01  1.750E+00 
 7.800E-01  1.745E+00 
 7.900E-01  1.739E+00 
 8.000E-01  1.733E+00 
 8.100E-01  1.726E+00 
 8.200E-01  1.718E+00 
 8.300E-01  1.709E+00 
 8.400E-01  1.699E+00 
 8.500E-01  1.687E+00 
 8.600E-01  1.672E+00 
 8.700E-01  1.654E+00 
 8.800E-01  1.628E+00 
 8.900E-01  1.584E+00 
 9.000E-01  1.410E+00 
 9.100E-01  8.918E-01 
 9.200E-01  4.756E-01 
 9.300E-01  3.071E-01 
 9.400E-01  2.340E-01 
 9.500E-01  1.910E-01 
 9.600E-01  1.603E-01 
 9.700E-01  1.364E-01 
 9.800E-01  1.170E-01 
 9.900E-01  1.008E-01 
 1.000E+00  8.706E-02 
 1.010E+00  7.523E-02 
 1.020E+00  6.497E-02 
 1.030E+00  5.605E-02 
 1.040E+00  4.826E-02 
 1.050E+00  4.145E-02 
 1.060E+00  3.549E-02 
 1.070E+00  3.029E-02 
 1.080E+00  2.576E-02 
 1.090E+00  2.182E-02 
 1.100E+00  1.840E-02 
 1.110E+00  1.546E-02 
 1.120E+00  1.293E-02 
 1.130E+00  1.077E-02 
 1.140E+00  8.935E-03 
 1.150E+00  7.383E-03 
 1.160E+00  6.077E-03 
 1.170E+00  4.985E-03 
 1.180E+00  4.075E-03 
 1.190E+00  3.322E-03 
 1.200E+00  2.701E-03 
 1.210E+00  2.190E-03 
 1.220E+00  1.773E-03 
 1.230E+00  1.432E-03 
 1.240E+00  1.155E-03 
 1.250E+00  9.294E-04 
 1.260E+00  7.471E-04 
 1.270E+00  5.996E-04 
 1.280E+00  4.805E-04 
 1.290E+00  3.845E-04 
 1.300E+00  3.072E-04 
 1.310E+00  2.451E-04 
 1.320E+00  1.953E-04 
 1.330E+00  1.553E-04 
 1.340E+00  1.233E-04 
 1.350E+00  9.782E-05 
 1.360E+00  7.747E-05 
 1.370E+00  6.127E-05 
 1.380E+00  4.839E-05 
 1.390E+00  3.818E-05 
 1.400E+00  3.008E-05 
 1.410E+00  2.368E-05 
 1.420E+00  1.862E-05 
 1.430E+00  1.463E-05 
 1.440E+00  1.149E-05 
 1.450E+00  9.014E-06 
 1.460E+00  7.068E-06 
 1.470E+00  5.540E-06 
 1.480E+00  4.340E-06 
 1.490E+00  3.399E-06 
 1.500E+00  2.662E-06 
 1.510E+00  2.084E-06 
 1.520E+00  1.632E-06 
 1.530E+00  1.278E-06 
 1.540E+00  1.001E-06 
 1.550E+00  7.849E-07 
 1.560E+00  6.157E-07 
 1.570E+00  4.835E-07 
 1.580E+00  3.802E-07 
 1.590E+00  2.995E-07 
 1.600E+00  2.365E-07 
 1.610E+00  1.872E-07 
 1.620E+00  1.488E-07 
 1.630E+00  1.187E-07 
 1.640E+00  9.525E-08 
 1.650E+00  7.692E-08 
 1.660E+00  6.259E-08 
 1.670E+00  5.140E-08 
 1.680E+00  4.265E-08 
 1.690E+00  3.580E-08 
 1.700E+00  3.045E-08 
 1.710E+00  2.626E-08 
 1.720E+00  2.297E-08 
 1.730E+00  2.040E-08 
 1.740E+00  1.838E-08 
 1.750E+00  1.679E-08 
 1.760E+00  1.554E-08 
 1.770E+00  1.455E-08 
 1.780E+00  1.377E-08 
 1.790E+00  1.315E-08 
 1.800E+00  1.266E-08 
