#format table ## [Custom WaveView] saved 15:14:25 Sat Mar 11 2023
XVAL v(y) 
 0.000E+00  1.800E+00 
 1.000E-02  1.800E+00 
 2.000E-02  1.800E+00 
 3.000E-02  1.800E+00 
 4.000E-02  1.800E+00 
 5.000E-02  1.800E+00 
 6.000E-02  1.800E+00 
 7.000E-02  1.800E+00 
 8.000E-02  1.800E+00 
 9.000E-02  1.800E+00 
 1.000E-01  1.800E+00 
 1.100E-01  1.800E+00 
 1.200E-01  1.800E+00 
 1.300E-01  1.800E+00 
 1.400E-01  1.800E+00 
 1.500E-01  1.800E+00 
 1.600E-01  1.800E+00 
 1.700E-01  1.800E+00 
 1.800E-01  1.800E+00 
 1.900E-01  1.800E+00 
 2.000E-01  1.800E+00 
 2.100E-01  1.800E+00 
 2.200E-01  1.800E+00 
 2.300E-01  1.800E+00 
 2.400E-01  1.800E+00 
 2.500E-01  1.800E+00 
 2.600E-01  1.800E+00 
 2.700E-01  1.800E+00 
 2.800E-01  1.800E+00 
 2.900E-01  1.800E+00 
 3.000E-01  1.800E+00 
 3.100E-01  1.800E+00 
 3.200E-01  1.800E+00 
 3.300E-01  1.800E+00 
 3.400E-01  1.800E+00 
 3.500E-01  1.800E+00 
 3.600E-01  1.800E+00 
 3.700E-01  1.800E+00 
 3.800E-01  1.800E+00 
 3.900E-01  1.800E+00 
 4.000E-01  1.800E+00 
 4.100E-01  1.800E+00 
 4.200E-01  1.800E+00 
 4.300E-01  1.800E+00 
 4.400E-01  1.800E+00 
 4.500E-01  1.800E+00 
 4.600E-01  1.800E+00 
 4.700E-01  1.800E+00 
 4.800E-01  1.800E+00 
 4.900E-01  1.799E+00 
 5.000E-01  1.799E+00 
 5.100E-01  1.799E+00 
 5.200E-01  1.799E+00 
 5.300E-01  1.799E+00 
 5.400E-01  1.798E+00 
 5.500E-01  1.798E+00 
 5.600E-01  1.798E+00 
 5.700E-01  1.797E+00 
 5.800E-01  1.797E+00 
 5.900E-01  1.797E+00 
 6.000E-01  1.796E+00 
 6.100E-01  1.795E+00 
 6.200E-01  1.795E+00 
 6.300E-01  1.794E+00 
 6.400E-01  1.793E+00 
 6.500E-01  1.792E+00 
 6.600E-01  1.791E+00 
 6.700E-01  1.790E+00 
 6.800E-01  1.789E+00 
 6.900E-01  1.787E+00 
 7.000E-01  1.786E+00 
 7.100E-01  1.784E+00 
 7.200E-01  1.783E+00 
 7.300E-01  1.781E+00 
 7.400E-01  1.779E+00 
 7.500E-01  1.777E+00 
 7.600E-01  1.774E+00 
 7.700E-01  1.772E+00 
 7.800E-01  1.769E+00 
 7.900E-01  1.766E+00 
 8.000E-01  1.763E+00 
 8.100E-01  1.760E+00 
 8.200E-01  1.756E+00 
 8.300E-01  1.751E+00 
 8.400E-01  1.747E+00 
 8.500E-01  1.742E+00 
 8.600E-01  1.736E+00 
 8.700E-01  1.729E+00 
 8.800E-01  1.721E+00 
 8.900E-01  1.712E+00 
 9.000E-01  1.702E+00 
 9.100E-01  1.689E+00 
 9.200E-01  1.671E+00 
 9.300E-01  1.646E+00 
 9.400E-01  1.594E+00 
 9.500E-01  1.296E+00 
 9.600E-01  7.100E-01 
 9.700E-01  3.914E-01 
 9.800E-01  2.738E-01 
 9.900E-01  2.148E-01 
 1.000E+00  1.756E-01 
 1.010E+00  1.462E-01 
 1.020E+00  1.229E-01 
 1.030E+00  1.038E-01 
 1.040E+00  8.791E-02 
 1.050E+00  7.447E-02 
 1.060E+00  6.305E-02 
 1.070E+00  5.330E-02 
 1.080E+00  4.495E-02 
 1.090E+00  3.781E-02 
 1.100E+00  3.170E-02 
 1.110E+00  2.649E-02 
 1.120E+00  2.205E-02 
 1.130E+00  1.830E-02 
 1.140E+00  1.512E-02 
 1.150E+00  1.246E-02 
 1.160E+00  1.023E-02 
 1.170E+00  8.369E-03 
 1.180E+00  6.829E-03 
 1.190E+00  5.557E-03 
 1.200E+00  4.511E-03 
 1.210E+00  3.654E-03 
 1.220E+00  2.954E-03 
 1.230E+00  2.384E-03 
 1.240E+00  1.921E-03 
 1.250E+00  1.545E-03 
 1.260E+00  1.241E-03 
 1.270E+00  9.954E-04 
 1.280E+00  7.972E-04 
 1.290E+00  6.375E-04 
 1.300E+00  5.091E-04 
 1.310E+00  4.059E-04 
 1.320E+00  3.232E-04 
 1.330E+00  2.569E-04 
 1.340E+00  2.039E-04 
 1.350E+00  1.616E-04 
 1.360E+00  1.279E-04 
 1.370E+00  1.011E-04 
 1.380E+00  7.983E-05 
 1.390E+00  6.295E-05 
 1.400E+00  4.958E-05 
 1.410E+00  3.901E-05 
 1.420E+00  3.067E-05 
 1.430E+00  2.409E-05 
 1.440E+00  1.890E-05 
 1.450E+00  1.483E-05 
 1.460E+00  1.162E-05 
 1.470E+00  9.103E-06 
 1.480E+00  7.129E-06 
 1.490E+00  5.580E-06 
 1.500E+00  4.367E-06 
 1.510E+00  3.417E-06 
 1.520E+00  2.674E-06 
 1.530E+00  2.092E-06 
 1.540E+00  1.637E-06 
 1.550E+00  1.281E-06 
 1.560E+00  1.003E-06 
 1.570E+00  7.861E-07 
 1.580E+00  6.165E-07 
 1.590E+00  4.839E-07 
 1.600E+00  3.804E-07 
 1.610E+00  2.996E-07 
 1.620E+00  2.365E-07 
 1.630E+00  1.872E-07 
 1.640E+00  1.487E-07 
 1.650E+00  1.186E-07 
 1.660E+00  9.516E-08 
 1.670E+00  7.683E-08 
 1.680E+00  6.250E-08 
 1.690E+00  5.130E-08 
 1.700E+00  4.255E-08 
 1.710E+00  3.571E-08 
 1.720E+00  3.035E-08 
 1.730E+00  2.616E-08 
 1.740E+00  2.288E-08 
 1.750E+00  2.030E-08 
 1.760E+00  1.828E-08 
 1.770E+00  1.670E-08 
 1.780E+00  1.545E-08 
 1.790E+00  1.446E-08 
 1.800E+00  1.368E-08 
