#format table ## [Custom WaveView] saved 15:15:02 Sat Mar 11 2023
XVAL v(y) 
 0.000E+00  1.800E+00 
 1.000E-02  1.800E+00 
 2.000E-02  1.800E+00 
 3.000E-02  1.800E+00 
 4.000E-02  1.800E+00 
 5.000E-02  1.800E+00 
 6.000E-02  1.800E+00 
 7.000E-02  1.800E+00 
 8.000E-02  1.800E+00 
 9.000E-02  1.800E+00 
 1.000E-01  1.800E+00 
 1.100E-01  1.800E+00 
 1.200E-01  1.800E+00 
 1.300E-01  1.800E+00 
 1.400E-01  1.800E+00 
 1.500E-01  1.800E+00 
 1.600E-01  1.800E+00 
 1.700E-01  1.800E+00 
 1.800E-01  1.800E+00 
 1.900E-01  1.800E+00 
 2.000E-01  1.800E+00 
 2.100E-01  1.800E+00 
 2.200E-01  1.800E+00 
 2.300E-01  1.800E+00 
 2.400E-01  1.800E+00 
 2.500E-01  1.800E+00 
 2.600E-01  1.800E+00 
 2.700E-01  1.800E+00 
 2.800E-01  1.800E+00 
 2.900E-01  1.800E+00 
 3.000E-01  1.800E+00 
 3.100E-01  1.800E+00 
 3.200E-01  1.800E+00 
 3.300E-01  1.800E+00 
 3.400E-01  1.800E+00 
 3.500E-01  1.800E+00 
 3.600E-01  1.800E+00 
 3.700E-01  1.800E+00 
 3.800E-01  1.800E+00 
 3.900E-01  1.800E+00 
 4.000E-01  1.800E+00 
 4.100E-01  1.800E+00 
 4.200E-01  1.800E+00 
 4.300E-01  1.800E+00 
 4.400E-01  1.800E+00 
 4.500E-01  1.800E+00 
 4.600E-01  1.800E+00 
 4.700E-01  1.800E+00 
 4.800E-01  1.800E+00 
 4.900E-01  1.799E+00 
 5.000E-01  1.799E+00 
 5.100E-01  1.799E+00 
 5.200E-01  1.799E+00 
 5.300E-01  1.799E+00 
 5.400E-01  1.799E+00 
 5.500E-01  1.798E+00 
 5.600E-01  1.798E+00 
 5.700E-01  1.798E+00 
 5.800E-01  1.797E+00 
 5.900E-01  1.797E+00 
 6.000E-01  1.797E+00 
 6.100E-01  1.796E+00 
 6.200E-01  1.795E+00 
 6.300E-01  1.795E+00 
 6.400E-01  1.794E+00 
 6.500E-01  1.793E+00 
 6.600E-01  1.792E+00 
 6.700E-01  1.791E+00 
 6.800E-01  1.790E+00 
 6.900E-01  1.789E+00 
 7.000E-01  1.788E+00 
 7.100E-01  1.787E+00 
 7.200E-01  1.785E+00 
 7.300E-01  1.784E+00 
 7.400E-01  1.782E+00 
 7.500E-01  1.780E+00 
 7.600E-01  1.778E+00 
 7.700E-01  1.776E+00 
 7.800E-01  1.774E+00 
 7.900E-01  1.771E+00 
 8.000E-01  1.769E+00 
 8.100E-01  1.766E+00 
 8.200E-01  1.762E+00 
 8.300E-01  1.759E+00 
 8.400E-01  1.755E+00 
 8.500E-01  1.751E+00 
 8.600E-01  1.746E+00 
 8.700E-01  1.740E+00 
 8.800E-01  1.734E+00 
 8.900E-01  1.727E+00 
 9.000E-01  1.719E+00 
 9.100E-01  1.709E+00 
 9.200E-01  1.697E+00 
 9.300E-01  1.682E+00 
 9.400E-01  1.660E+00 
 9.500E-01  1.619E+00 
 9.600E-01  1.409E+00 
 9.700E-01  8.167E-01 
 9.800E-01  4.284E-01 
 9.900E-01  2.887E-01 
 1.000E+00  2.230E-01 
 1.010E+00  1.807E-01 
 1.020E+00  1.494E-01 
 1.030E+00  1.248E-01 
 1.040E+00  1.048E-01 
 1.050E+00  8.828E-02 
 1.060E+00  7.438E-02 
 1.070E+00  6.263E-02 
 1.080E+00  5.266E-02 
 1.090E+00  4.417E-02 
 1.100E+00  3.695E-02 
 1.110E+00  3.082E-02 
 1.120E+00  2.562E-02 
 1.130E+00  2.123E-02 
 1.140E+00  1.753E-02 
 1.150E+00  1.443E-02 
 1.160E+00  1.183E-02 
 1.170E+00  9.677E-03 
 1.180E+00  7.892E-03 
 1.190E+00  6.419E-03 
 1.200E+00  5.209E-03 
 1.210E+00  4.218E-03 
 1.220E+00  3.409E-03 
 1.230E+00  2.750E-03 
 1.240E+00  2.215E-03 
 1.250E+00  1.782E-03 
 1.260E+00  1.431E-03 
 1.270E+00  1.148E-03 
 1.280E+00  9.189E-04 
 1.290E+00  7.348E-04 
 1.300E+00  5.867E-04 
 1.310E+00  4.677E-04 
 1.320E+00  3.723E-04 
 1.330E+00  2.959E-04 
 1.340E+00  2.349E-04 
 1.350E+00  1.861E-04 
 1.360E+00  1.473E-04 
 1.370E+00  1.164E-04 
 1.380E+00  9.191E-05 
 1.390E+00  7.247E-05 
 1.400E+00  5.707E-05 
 1.410E+00  4.490E-05 
 1.420E+00  3.529E-05 
 1.430E+00  2.772E-05 
 1.440E+00  2.175E-05 
 1.450E+00  1.706E-05 
 1.460E+00  1.337E-05 
 1.470E+00  1.047E-05 
 1.480E+00  8.200E-06 
 1.490E+00  6.418E-06 
 1.500E+00  5.022E-06 
 1.510E+00  3.929E-06 
 1.520E+00  3.074E-06 
 1.530E+00  2.405E-06 
 1.540E+00  1.881E-06 
 1.550E+00  1.472E-06 
 1.560E+00  1.152E-06 
 1.570E+00  9.024E-07 
 1.580E+00  7.073E-07 
 1.590E+00  5.548E-07 
 1.600E+00  4.358E-07 
 1.610E+00  3.428E-07 
 1.620E+00  2.702E-07 
 1.630E+00  2.135E-07 
 1.640E+00  1.692E-07 
 1.650E+00  1.347E-07 
 1.660E+00  1.077E-07 
 1.670E+00  8.660E-08 
 1.680E+00  7.013E-08 
 1.690E+00  5.726E-08 
 1.700E+00  4.720E-08 
 1.710E+00  3.934E-08 
 1.720E+00  3.319E-08 
 1.730E+00  2.837E-08 
 1.740E+00  2.461E-08 
 1.750E+00  2.165E-08 
 1.760E+00  1.934E-08 
 1.770E+00  1.752E-08 
 1.780E+00  1.609E-08 
 1.790E+00  1.496E-08 
 1.800E+00  1.407E-08 
