#format table ## [Custom WaveView] saved 14:57:01 Sat Mar 11 2023
XVAL v(y) 
 0.000E+00  1.800E+00 
 1.000E-02  1.800E+00 
 2.000E-02  1.800E+00 
 3.000E-02  1.800E+00 
 4.000E-02  1.800E+00 
 5.000E-02  1.800E+00 
 6.000E-02  1.800E+00 
 7.000E-02  1.800E+00 
 8.000E-02  1.800E+00 
 9.000E-02  1.800E+00 
 1.000E-01  1.800E+00 
 1.100E-01  1.800E+00 
 1.200E-01  1.800E+00 
 1.300E-01  1.800E+00 
 1.400E-01  1.800E+00 
 1.500E-01  1.800E+00 
 1.600E-01  1.800E+00 
 1.700E-01  1.800E+00 
 1.800E-01  1.800E+00 
 1.900E-01  1.800E+00 
 2.000E-01  1.800E+00 
 2.100E-01  1.800E+00 
 2.200E-01  1.800E+00 
 2.300E-01  1.800E+00 
 2.400E-01  1.800E+00 
 2.500E-01  1.800E+00 
 2.600E-01  1.800E+00 
 2.700E-01  1.800E+00 
 2.800E-01  1.800E+00 
 2.900E-01  1.800E+00 
 3.000E-01  1.800E+00 
 3.100E-01  1.800E+00 
 3.200E-01  1.800E+00 
 3.300E-01  1.800E+00 
 3.400E-01  1.800E+00 
 3.500E-01  1.800E+00 
 3.600E-01  1.800E+00 
 3.700E-01  1.800E+00 
 3.800E-01  1.800E+00 
 3.900E-01  1.800E+00 
 4.000E-01  1.800E+00 
 4.100E-01  1.800E+00 
 4.200E-01  1.800E+00 
 4.300E-01  1.800E+00 
 4.400E-01  1.800E+00 
 4.500E-01  1.800E+00 
 4.600E-01  1.800E+00 
 4.700E-01  1.799E+00 
 4.800E-01  1.799E+00 
 4.900E-01  1.799E+00 
 5.000E-01  1.799E+00 
 5.100E-01  1.799E+00 
 5.200E-01  1.798E+00 
 5.300E-01  1.798E+00 
 5.400E-01  1.798E+00 
 5.500E-01  1.797E+00 
 5.600E-01  1.797E+00 
 5.700E-01  1.796E+00 
 5.800E-01  1.796E+00 
 5.900E-01  1.795E+00 
 6.000E-01  1.794E+00 
 6.100E-01  1.793E+00 
 6.200E-01  1.792E+00 
 6.300E-01  1.791E+00 
 6.400E-01  1.790E+00 
 6.500E-01  1.788E+00 
 6.600E-01  1.787E+00 
 6.700E-01  1.785E+00 
 6.800E-01  1.783E+00 
 6.900E-01  1.781E+00 
 7.000E-01  1.779E+00 
 7.100E-01  1.777E+00 
 7.200E-01  1.774E+00 
 7.300E-01  1.771E+00 
 7.400E-01  1.768E+00 
 7.500E-01  1.765E+00 
 7.600E-01  1.761E+00 
 7.700E-01  1.758E+00 
 7.800E-01  1.753E+00 
 7.900E-01  1.749E+00 
 8.000E-01  1.744E+00 
 8.100E-01  1.738E+00 
 8.200E-01  1.732E+00 
 8.300E-01  1.724E+00 
 8.400E-01  1.716E+00 
 8.500E-01  1.707E+00 
 8.600E-01  1.696E+00 
 8.700E-01  1.684E+00 
 8.800E-01  1.667E+00 
 8.900E-01  1.646E+00 
 9.000E-01  1.613E+00 
 9.100E-01  1.526E+00 
 9.200E-01  1.108E+00 
 9.300E-01  5.895E-01 
 9.400E-01  3.504E-01 
 9.500E-01  2.555E-01 
 9.600E-01  2.046E-01 
 9.700E-01  1.699E-01 
 9.800E-01  1.435E-01 
 9.900E-01  1.222E-01 
 1.000E+00  1.047E-01 
 1.010E+00  8.989E-02 
 1.020E+00  7.724E-02 
 1.030E+00  6.635E-02 
 1.040E+00  5.693E-02 
 1.050E+00  4.874E-02 
 1.060E+00  4.163E-02 
 1.070E+00  3.545E-02 
 1.080E+00  3.009E-02 
 1.090E+00  2.544E-02 
 1.100E+00  2.143E-02 
 1.110E+00  1.797E-02 
 1.120E+00  1.502E-02 
 1.130E+00  1.250E-02 
 1.140E+00  1.036E-02 
 1.150E+00  8.549E-03 
 1.160E+00  7.032E-03 
 1.170E+00  5.764E-03 
 1.180E+00  4.710E-03 
 1.190E+00  3.837E-03 
 1.200E+00  3.118E-03 
 1.210E+00  2.528E-03 
 1.220E+00  2.045E-03 
 1.230E+00  1.652E-03 
 1.240E+00  1.331E-03 
 1.250E+00  1.072E-03 
 1.260E+00  8.612E-04 
 1.270E+00  6.910E-04 
 1.280E+00  5.537E-04 
 1.290E+00  4.430E-04 
 1.300E+00  3.539E-04 
 1.310E+00  2.823E-04 
 1.320E+00  2.248E-04 
 1.330E+00  1.788E-04 
 1.340E+00  1.420E-04 
 1.350E+00  1.126E-04 
 1.360E+00  8.913E-05 
 1.370E+00  7.048E-05 
 1.380E+00  5.566E-05 
 1.390E+00  4.390E-05 
 1.400E+00  3.459E-05 
 1.410E+00  2.722E-05 
 1.420E+00  2.141E-05 
 1.430E+00  1.682E-05 
 1.440E+00  1.320E-05 
 1.450E+00  1.036E-05 
 1.460E+00  8.120E-06 
 1.470E+00  6.363E-06 
 1.480E+00  4.984E-06 
 1.490E+00  3.903E-06 
 1.500E+00  3.056E-06 
 1.510E+00  2.392E-06 
 1.520E+00  1.873E-06 
 1.530E+00  1.466E-06 
 1.540E+00  1.148E-06 
 1.550E+00  8.996E-07 
 1.560E+00  7.053E-07 
 1.570E+00  5.534E-07 
 1.580E+00  4.348E-07 
 1.590E+00  3.421E-07 
 1.600E+00  2.697E-07 
 1.610E+00  2.132E-07 
 1.620E+00  1.690E-07 
 1.630E+00  1.345E-07 
 1.640E+00  1.076E-07 
 1.650E+00  8.655E-08 
 1.660E+00  7.012E-08 
 1.670E+00  5.727E-08 
 1.680E+00  4.723E-08 
 1.690E+00  3.938E-08 
 1.700E+00  3.324E-08 
 1.710E+00  2.844E-08 
 1.720E+00  2.468E-08 
 1.730E+00  2.173E-08 
 1.740E+00  1.942E-08 
 1.750E+00  1.760E-08 
 1.760E+00  1.617E-08 
 1.770E+00  1.505E-08 
 1.780E+00  1.416E-08 
 1.790E+00  1.345E-08 
 1.800E+00  1.289E-08 
