#format table ## [Custom WaveView] saved 20:42:16 Fri Mar 10 2023
XVAL v(y) 
 0.000E+00  1.800E+00 
 1.000E-02  1.800E+00 
 2.000E-02  1.800E+00 
 3.000E-02  1.800E+00 
 4.000E-02  1.800E+00 
 5.000E-02  1.800E+00 
 6.000E-02  1.800E+00 
 7.000E-02  1.800E+00 
 8.000E-02  1.800E+00 
 9.000E-02  1.800E+00 
 1.000E-01  1.800E+00 
 1.100E-01  1.800E+00 
 1.200E-01  1.800E+00 
 1.300E-01  1.800E+00 
 1.400E-01  1.800E+00 
 1.500E-01  1.800E+00 
 1.600E-01  1.800E+00 
 1.700E-01  1.800E+00 
 1.800E-01  1.800E+00 
 1.900E-01  1.800E+00 
 2.000E-01  1.800E+00 
 2.100E-01  1.800E+00 
 2.200E-01  1.800E+00 
 2.300E-01  1.800E+00 
 2.400E-01  1.800E+00 
 2.500E-01  1.800E+00 
 2.600E-01  1.800E+00 
 2.700E-01  1.800E+00 
 2.800E-01  1.800E+00 
 2.900E-01  1.800E+00 
 3.000E-01  1.800E+00 
 3.100E-01  1.800E+00 
 3.200E-01  1.800E+00 
 3.300E-01  1.800E+00 
 3.400E-01  1.800E+00 
 3.500E-01  1.800E+00 
 3.600E-01  1.800E+00 
 3.700E-01  1.800E+00 
 3.800E-01  1.800E+00 
 3.900E-01  1.799E+00 
 4.000E-01  1.799E+00 
 4.100E-01  1.799E+00 
 4.200E-01  1.799E+00 
 4.300E-01  1.799E+00 
 4.400E-01  1.798E+00 
 4.500E-01  1.798E+00 
 4.600E-01  1.797E+00 
 4.700E-01  1.796E+00 
 4.800E-01  1.796E+00 
 4.900E-01  1.795E+00 
 5.000E-01  1.793E+00 
 5.100E-01  1.792E+00 
 5.200E-01  1.790E+00 
 5.300E-01  1.788E+00 
 5.400E-01  1.786E+00 
 5.500E-01  1.783E+00 
 5.600E-01  1.780E+00 
 5.700E-01  1.776E+00 
 5.800E-01  1.772E+00 
 5.900E-01  1.767E+00 
 6.000E-01  1.762E+00 
 6.100E-01  1.756E+00 
 6.200E-01  1.749E+00 
 6.300E-01  1.741E+00 
 6.400E-01  1.732E+00 
 6.500E-01  1.722E+00 
 6.600E-01  1.710E+00 
 6.700E-01  1.697E+00 
 6.800E-01  1.683E+00 
 6.900E-01  1.666E+00 
 7.000E-01  1.646E+00 
 7.100E-01  1.621E+00 
 7.200E-01  1.591E+00 
 7.300E-01  1.550E+00 
 7.400E-01  1.481E+00 
 7.500E-01  1.217E+00 
 7.600E-01  6.975E-01 
 7.700E-01  3.690E-01 
 7.800E-01  2.355E-01 
 7.900E-01  1.800E-01 
 8.000E-01  1.494E-01 
 8.100E-01  1.283E-01 
 8.200E-01  1.122E-01 
 8.300E-01  9.922E-02 
 8.400E-01  8.837E-02 
 8.500E-01  7.910E-02 
 8.600E-01  7.106E-02 
 8.700E-01  6.399E-02 
 8.800E-01  5.773E-02 
 8.900E-01  5.214E-02 
 9.000E-01  4.712E-02 
 9.100E-01  4.258E-02 
 9.200E-01  3.848E-02 
 9.300E-01  3.475E-02 
 9.400E-01  3.136E-02 
 9.500E-01  2.826E-02 
 9.600E-01  2.543E-02 
 9.700E-01  2.284E-02 
 9.800E-01  2.048E-02 
 9.900E-01  1.832E-02 
 1.000E+00  1.635E-02 
 1.010E+00  1.454E-02 
 1.020E+00  1.290E-02 
 1.030E+00  1.141E-02 
 1.040E+00  1.005E-02 
 1.050E+00  8.819E-03 
 1.060E+00  7.709E-03 
 1.070E+00  6.710E-03 
 1.080E+00  5.815E-03 
 1.090E+00  5.016E-03 
 1.100E+00  4.306E-03 
 1.110E+00  3.679E-03 
 1.120E+00  3.128E-03 
 1.130E+00  2.646E-03 
 1.140E+00  2.227E-03 
 1.150E+00  1.866E-03 
 1.160E+00  1.556E-03 
 1.170E+00  1.291E-03 
 1.180E+00  1.067E-03 
 1.190E+00  8.782E-04 
 1.200E+00  7.202E-04 
 1.210E+00  5.886E-04 
 1.220E+00  4.796E-04 
 1.230E+00  3.898E-04 
 1.240E+00  3.160E-04 
 1.250E+00  2.557E-04 
 1.260E+00  2.064E-04 
 1.270E+00  1.664E-04 
 1.280E+00  1.339E-04 
 1.290E+00  1.076E-04 
 1.300E+00  8.636E-05 
 1.310E+00  6.919E-05 
 1.320E+00  5.536E-05 
 1.330E+00  4.422E-05 
 1.340E+00  3.528E-05 
 1.350E+00  2.810E-05 
 1.360E+00  2.235E-05 
 1.370E+00  1.775E-05 
 1.380E+00  1.408E-05 
 1.390E+00  1.115E-05 
 1.400E+00  8.819E-06 
 1.410E+00  6.967E-06 
 1.420E+00  5.499E-06 
 1.430E+00  4.335E-06 
 1.440E+00  3.415E-06 
 1.450E+00  2.688E-06 
 1.460E+00  2.115E-06 
 1.470E+00  1.663E-06 
 1.480E+00  1.307E-06 
 1.490E+00  1.028E-06 
 1.500E+00  8.078E-07 
 1.510E+00  6.353E-07 
 1.520E+00  5.000E-07 
 1.530E+00  3.939E-07 
 1.540E+00  3.108E-07 
 1.550E+00  2.457E-07 
 1.560E+00  1.948E-07 
 1.570E+00  1.549E-07 
 1.580E+00  1.237E-07 
 1.590E+00  9.926E-08 
 1.600E+00  8.016E-08 
 1.610E+00  6.522E-08 
 1.620E+00  5.353E-08 
 1.630E+00  4.439E-08 
 1.640E+00  3.723E-08 
 1.650E+00  3.163E-08 
 1.660E+00  2.724E-08 
 1.670E+00  2.381E-08 
 1.680E+00  2.111E-08 
 1.690E+00  1.899E-08 
 1.700E+00  1.732E-08 
 1.710E+00  1.601E-08 
 1.720E+00  1.497E-08 
 1.730E+00  1.415E-08 
 1.740E+00  1.350E-08 
 1.750E+00  1.298E-08 
 1.760E+00  1.256E-08 
 1.770E+00  1.223E-08 
 1.780E+00  1.195E-08 
 1.790E+00  1.173E-08 
 1.800E+00  1.155E-08 
