#format table ## [Custom WaveView] saved 21:42:38 Sat Mar 11 2023
XVAL i(vvdd) 
 0.000E+00 -5.469E-12 
 1.000E-02 -6.056E-12 
 2.000E-02 -6.826E-12 
 3.000E-02 -7.840E-12 
 4.000E-02 -9.170E-12 
 5.000E-02 -1.092E-11 
 6.000E-02 -1.321E-11 
 7.000E-02 -1.622E-11 
 8.000E-02 -2.017E-11 
 9.000E-02 -2.535E-11 
 1.000E-01 -3.215E-11 
 1.100E-01 -4.106E-11 
 1.200E-01 -5.275E-11 
 1.300E-01 -6.805E-11 
 1.400E-01 -8.808E-11 
 1.500E-01 -1.143E-10 
 1.600E-01 -1.486E-10 
 1.700E-01 -1.934E-10 
 1.800E-01 -2.519E-10 
 1.900E-01 -3.282E-10 
 2.000E-01 -4.276E-10 
 2.100E-01 -5.569E-10 
 2.200E-01 -7.250E-10 
 2.300E-01 -9.432E-10 
 2.400E-01 -1.226E-09 
 2.500E-01 -1.591E-09 
 2.600E-01 -2.063E-09 
 2.700E-01 -2.670E-09 
 2.800E-01 -3.449E-09 
 2.900E-01 -4.448E-09 
 3.000E-01 -5.723E-09 
 3.100E-01 -7.347E-09 
 3.200E-01 -9.409E-09 
 3.300E-01 -1.202E-08 
 3.400E-01 -1.531E-08 
 3.500E-01 -1.944E-08 
 3.600E-01 -2.461E-08 
 3.700E-01 -3.107E-08 
 3.800E-01 -3.910E-08 
 3.900E-01 -4.905E-08 
 4.000E-01 -6.134E-08 
 4.100E-01 -7.647E-08 
 4.200E-01 -9.503E-08 
 4.300E-01 -1.177E-07 
 4.400E-01 -1.454E-07 
 4.500E-01 -1.789E-07 
 4.600E-01 -2.194E-07 
 4.700E-01 -2.680E-07 
 4.800E-01 -3.263E-07 
 4.900E-01 -3.955E-07 
 5.000E-01 -4.773E-07 
 5.100E-01 -5.734E-07 
 5.200E-01 -6.854E-07 
 5.300E-01 -8.150E-07 
 5.400E-01 -9.640E-07 
 5.500E-01 -1.134E-06 
 5.600E-01 -1.326E-06 
 5.700E-01 -1.542E-06 
 5.800E-01 -1.783E-06 
 5.900E-01 -2.049E-06 
 6.000E-01 -2.341E-06 
 6.100E-01 -2.661E-06 
 6.200E-01 -3.007E-06 
 6.300E-01 -3.381E-06 
 6.400E-01 -3.782E-06 
 6.500E-01 -4.209E-06 
 6.600E-01 -4.663E-06 
 6.700E-01 -5.143E-06 
 6.800E-01 -5.647E-06 
 6.900E-01 -6.177E-06 
 7.000E-01 -6.730E-06 
 7.100E-01 -7.306E-06 
 7.200E-01 -7.904E-06 
 7.300E-01 -8.524E-06 
 7.400E-01 -9.164E-06 
 7.500E-01 -9.824E-06 
 7.600E-01 -1.050E-05 
 7.700E-01 -1.120E-05 
 7.800E-01 -1.192E-05 
 7.900E-01 -1.265E-05 
 8.000E-01 -1.339E-05 
 8.100E-01 -1.416E-05 
 8.200E-01 -1.493E-05 
 8.300E-01 -1.572E-05 
 8.400E-01 -1.653E-05 
 8.500E-01 -1.734E-05 
 8.600E-01 -1.816E-05 
 8.700E-01 -1.899E-05 
 8.800E-01 -1.981E-05 
 8.900E-01 -2.049E-05 
 9.000E-01 -2.057E-05 
 9.100E-01 -1.986E-05 
 9.200E-01 -1.872E-05 
 9.300E-01 -1.747E-05 
 9.400E-01 -1.623E-05 
 9.500E-01 -1.501E-05 
 9.600E-01 -1.384E-05 
 9.700E-01 -1.271E-05 
 9.800E-01 -1.162E-05 
 9.900E-01 -1.059E-05 
 1.000E+00 -9.609E-06 
 1.010E+00 -8.681E-06 
 1.020E+00 -7.808E-06 
 1.030E+00 -6.991E-06 
 1.040E+00 -6.228E-06 
 1.050E+00 -5.521E-06 
 1.060E+00 -4.869E-06 
 1.070E+00 -4.272E-06 
 1.080E+00 -3.727E-06 
 1.090E+00 -3.235E-06 
 1.100E+00 -2.792E-06 
 1.110E+00 -2.397E-06 
 1.120E+00 -2.046E-06 
 1.130E+00 -1.738E-06 
 1.140E+00 -1.469E-06 
 1.150E+00 -1.236E-06 
 1.160E+00 -1.034E-06 
 1.170E+00 -8.624E-07 
 1.180E+00 -7.162E-07 
 1.190E+00 -5.927E-07 
 1.200E+00 -4.889E-07 
 1.210E+00 -4.022E-07 
 1.220E+00 -3.300E-07 
 1.230E+00 -2.701E-07 
 1.240E+00 -2.206E-07 
 1.250E+00 -1.799E-07 
 1.260E+00 -1.464E-07 
 1.270E+00 -1.189E-07 
 1.280E+00 -9.640E-08 
 1.290E+00 -7.803E-08 
 1.300E+00 -6.305E-08 
 1.310E+00 -5.086E-08 
 1.320E+00 -4.096E-08 
 1.330E+00 -3.293E-08 
 1.340E+00 -2.642E-08 
 1.350E+00 -2.117E-08 
 1.360E+00 -1.694E-08 
 1.370E+00 -1.353E-08 
 1.380E+00 -1.079E-08 
 1.390E+00 -8.590E-09 
 1.400E+00 -6.832E-09 
 1.410E+00 -5.427E-09 
 1.420E+00 -4.306E-09 
 1.430E+00 -3.413E-09 
 1.440E+00 -2.703E-09 
 1.450E+00 -2.139E-09 
 1.460E+00 -1.691E-09 
 1.470E+00 -1.336E-09 
 1.480E+00 -1.055E-09 
 1.490E+00 -8.329E-10 
 1.500E+00 -6.573E-10 
 1.510E+00 -5.186E-10 
 1.520E+00 -4.091E-10 
 1.530E+00 -3.228E-10 
 1.540E+00 -2.548E-10 
 1.550E+00 -2.012E-10 
 1.560E+00 -1.590E-10 
 1.570E+00 -1.257E-10 
 1.580E+00 -9.960E-11 
 1.590E+00 -7.903E-11 
 1.600E+00 -6.287E-11 
 1.610E+00 -5.016E-11 
 1.620E+00 -4.017E-11 
 1.630E+00 -3.232E-11 
 1.640E+00 -2.615E-11 
 1.650E+00 -2.130E-11 
 1.660E+00 -1.750E-11 
 1.670E+00 -1.451E-11 
 1.680E+00 -1.216E-11 
 1.690E+00 -1.032E-11 
 1.700E+00 -8.876E-12 
 1.710E+00 -7.740E-12 
 1.720E+00 -6.850E-12 
 1.730E+00 -6.150E-12 
 1.740E+00 -5.601E-12 
 1.750E+00 -5.170E-12 
 1.760E+00 -4.832E-12 
 1.770E+00 -4.567E-12 
 1.780E+00 -4.359E-12 
 1.790E+00 -4.195E-12 
 1.800E+00 -4.067E-12 
