#format table ## [Custom WaveView] saved 21:58:02 Sat Mar 11 2023
XVAL i(vvdd) 
 0.000E+00 -5.468E-12 
 1.000E-02 -6.056E-12 
 2.000E-02 -6.827E-12 
 3.000E-02 -7.841E-12 
 4.000E-02 -9.171E-12 
 5.000E-02 -1.092E-11 
 6.000E-02 -1.321E-11 
 7.000E-02 -1.622E-11 
 8.000E-02 -2.017E-11 
 9.000E-02 -2.535E-11 
 1.000E-01 -3.215E-11 
 1.100E-01 -4.107E-11 
 1.200E-01 -5.275E-11 
 1.300E-01 -6.805E-11 
 1.400E-01 -8.808E-11 
 1.500E-01 -1.143E-10 
 1.600E-01 -1.486E-10 
 1.700E-01 -1.934E-10 
 1.800E-01 -2.519E-10 
 1.900E-01 -3.282E-10 
 2.000E-01 -4.276E-10 
 2.100E-01 -5.569E-10 
 2.200E-01 -7.250E-10 
 2.300E-01 -9.432E-10 
 2.400E-01 -1.226E-09 
 2.500E-01 -1.591E-09 
 2.600E-01 -2.063E-09 
 2.700E-01 -2.670E-09 
 2.800E-01 -3.449E-09 
 2.900E-01 -4.448E-09 
 3.000E-01 -5.723E-09 
 3.100E-01 -7.347E-09 
 3.200E-01 -9.409E-09 
 3.300E-01 -1.202E-08 
 3.400E-01 -1.531E-08 
 3.500E-01 -1.944E-08 
 3.600E-01 -2.461E-08 
 3.700E-01 -3.107E-08 
 3.800E-01 -3.910E-08 
 3.900E-01 -4.905E-08 
 4.000E-01 -6.134E-08 
 4.100E-01 -7.647E-08 
 4.200E-01 -9.503E-08 
 4.300E-01 -1.177E-07 
 4.400E-01 -1.454E-07 
 4.500E-01 -1.789E-07 
 4.600E-01 -2.194E-07 
 4.700E-01 -2.680E-07 
 4.800E-01 -3.263E-07 
 4.900E-01 -3.955E-07 
 5.000E-01 -4.773E-07 
 5.100E-01 -5.734E-07 
 5.200E-01 -6.854E-07 
 5.300E-01 -8.151E-07 
 5.400E-01 -9.641E-07 
 5.500E-01 -1.134E-06 
 5.600E-01 -1.326E-06 
 5.700E-01 -1.542E-06 
 5.800E-01 -1.783E-06 
 5.900E-01 -2.049E-06 
 6.000E-01 -2.342E-06 
 6.100E-01 -2.661E-06 
 6.200E-01 -3.008E-06 
 6.300E-01 -3.382E-06 
 6.400E-01 -3.783E-06 
 6.500E-01 -4.210E-06 
 6.600E-01 -4.664E-06 
 6.700E-01 -5.144E-06 
 6.800E-01 -5.649E-06 
 6.900E-01 -6.179E-06 
 7.000E-01 -6.733E-06 
 7.100E-01 -7.309E-06 
 7.200E-01 -7.908E-06 
 7.300E-01 -8.529E-06 
 7.400E-01 -9.170E-06 
 7.500E-01 -9.831E-06 
 7.600E-01 -1.051E-05 
 7.700E-01 -1.121E-05 
 7.800E-01 -1.193E-05 
 7.900E-01 -1.266E-05 
 8.000E-01 -1.341E-05 
 8.100E-01 -1.417E-05 
 8.200E-01 -1.495E-05 
 8.300E-01 -1.575E-05 
 8.400E-01 -1.655E-05 
 8.500E-01 -1.737E-05 
 8.600E-01 -1.820E-05 
 8.700E-01 -1.904E-05 
 8.800E-01 -1.990E-05 
 8.900E-01 -2.075E-05 
 9.000E-01 -2.161E-05 
 9.100E-01 -2.242E-05 
 9.200E-01 -2.280E-05 
 9.300E-01 -2.228E-05 
 9.400E-01 -2.103E-05 
 9.500E-01 -1.954E-05 
 9.600E-01 -1.804E-05 
 9.700E-01 -1.658E-05 
 9.800E-01 -1.517E-05 
 9.900E-01 -1.382E-05 
 1.000E+00 -1.254E-05 
 1.010E+00 -1.132E-05 
 1.020E+00 -1.018E-05 
 1.030E+00 -9.108E-06 
 1.040E+00 -8.109E-06 
 1.050E+00 -7.184E-06 
 1.060E+00 -6.331E-06 
 1.070E+00 -5.549E-06 
 1.080E+00 -4.838E-06 
 1.090E+00 -4.195E-06 
 1.100E+00 -3.617E-06 
 1.110E+00 -3.102E-06 
 1.120E+00 -2.647E-06 
 1.130E+00 -2.246E-06 
 1.140E+00 -1.897E-06 
 1.150E+00 -1.594E-06 
 1.160E+00 -1.333E-06 
 1.170E+00 -1.111E-06 
 1.180E+00 -9.221E-07 
 1.190E+00 -7.626E-07 
 1.200E+00 -6.288E-07 
 1.210E+00 -5.170E-07 
 1.220E+00 -4.240E-07 
 1.230E+00 -3.469E-07 
 1.240E+00 -2.833E-07 
 1.250E+00 -2.309E-07 
 1.260E+00 -1.878E-07 
 1.270E+00 -1.525E-07 
 1.280E+00 -1.236E-07 
 1.290E+00 -1.000E-07 
 1.300E+00 -8.081E-08 
 1.310E+00 -6.516E-08 
 1.320E+00 -5.245E-08 
 1.330E+00 -4.215E-08 
 1.340E+00 -3.382E-08 
 1.350E+00 -2.709E-08 
 1.360E+00 -2.166E-08 
 1.370E+00 -1.729E-08 
 1.380E+00 -1.379E-08 
 1.390E+00 -1.098E-08 
 1.400E+00 -8.727E-09 
 1.410E+00 -6.930E-09 
 1.420E+00 -5.497E-09 
 1.430E+00 -4.356E-09 
 1.440E+00 -3.449E-09 
 1.450E+00 -2.728E-09 
 1.460E+00 -2.156E-09 
 1.470E+00 -1.703E-09 
 1.480E+00 -1.345E-09 
 1.490E+00 -1.061E-09 
 1.500E+00 -8.372E-10 
 1.510E+00 -6.603E-10 
 1.520E+00 -5.207E-10 
 1.530E+00 -4.106E-10 
 1.540E+00 -3.238E-10 
 1.550E+00 -2.555E-10 
 1.560E+00 -2.016E-10 
 1.570E+00 -1.593E-10 
 1.580E+00 -1.260E-10 
 1.590E+00 -9.974E-11 
 1.600E+00 -7.913E-11 
 1.610E+00 -6.293E-11 
 1.620E+00 -5.020E-11 
 1.630E+00 -4.019E-11 
 1.640E+00 -3.233E-11 
 1.650E+00 -2.616E-11 
 1.660E+00 -2.131E-11 
 1.670E+00 -1.750E-11 
 1.680E+00 -1.451E-11 
 1.690E+00 -1.217E-11 
 1.700E+00 -1.032E-11 
 1.710E+00 -8.876E-12 
 1.720E+00 -7.741E-12 
 1.730E+00 -6.849E-12 
 1.740E+00 -6.150E-12 
 1.750E+00 -5.601E-12 
 1.760E+00 -5.171E-12 
 1.770E+00 -4.833E-12 
 1.780E+00 -4.567E-12 
 1.790E+00 -4.359E-12 
 1.800E+00 -4.195E-12 
