#format table ## [Custom WaveView] saved 21:58:30 Sat Mar 11 2023
XVAL i(vvdd) 
 0.000E+00 -5.469E-12 
 1.000E-02 -6.056E-12 
 2.000E-02 -6.827E-12 
 3.000E-02 -7.840E-12 
 4.000E-02 -9.170E-12 
 5.000E-02 -1.092E-11 
 6.000E-02 -1.321E-11 
 7.000E-02 -1.622E-11 
 8.000E-02 -2.017E-11 
 9.000E-02 -2.535E-11 
 1.000E-01 -3.215E-11 
 1.100E-01 -4.107E-11 
 1.200E-01 -5.275E-11 
 1.300E-01 -6.805E-11 
 1.400E-01 -8.808E-11 
 1.500E-01 -1.143E-10 
 1.600E-01 -1.486E-10 
 1.700E-01 -1.934E-10 
 1.800E-01 -2.519E-10 
 1.900E-01 -3.282E-10 
 2.000E-01 -4.276E-10 
 2.100E-01 -5.569E-10 
 2.200E-01 -7.250E-10 
 2.300E-01 -9.432E-10 
 2.400E-01 -1.226E-09 
 2.500E-01 -1.591E-09 
 2.600E-01 -2.063E-09 
 2.700E-01 -2.670E-09 
 2.800E-01 -3.449E-09 
 2.900E-01 -4.448E-09 
 3.000E-01 -5.723E-09 
 3.100E-01 -7.347E-09 
 3.200E-01 -9.409E-09 
 3.300E-01 -1.202E-08 
 3.400E-01 -1.531E-08 
 3.500E-01 -1.944E-08 
 3.600E-01 -2.461E-08 
 3.700E-01 -3.107E-08 
 3.800E-01 -3.910E-08 
 3.900E-01 -4.905E-08 
 4.000E-01 -6.135E-08 
 4.100E-01 -7.647E-08 
 4.200E-01 -9.504E-08 
 4.300E-01 -1.177E-07 
 4.400E-01 -1.454E-07 
 4.500E-01 -1.789E-07 
 4.600E-01 -2.194E-07 
 4.700E-01 -2.681E-07 
 4.800E-01 -3.263E-07 
 4.900E-01 -3.955E-07 
 5.000E-01 -4.773E-07 
 5.100E-01 -5.734E-07 
 5.200E-01 -6.854E-07 
 5.300E-01 -8.151E-07 
 5.400E-01 -9.641E-07 
 5.500E-01 -1.134E-06 
 5.600E-01 -1.326E-06 
 5.700E-01 -1.542E-06 
 5.800E-01 -1.783E-06 
 5.900E-01 -2.049E-06 
 6.000E-01 -2.342E-06 
 6.100E-01 -2.662E-06 
 6.200E-01 -3.008E-06 
 6.300E-01 -3.382E-06 
 6.400E-01 -3.783E-06 
 6.500E-01 -4.211E-06 
 6.600E-01 -4.665E-06 
 6.700E-01 -5.145E-06 
 6.800E-01 -5.651E-06 
 6.900E-01 -6.181E-06 
 7.000E-01 -6.735E-06 
 7.100E-01 -7.311E-06 
 7.200E-01 -7.911E-06 
 7.300E-01 -8.531E-06 
 7.400E-01 -9.173E-06 
 7.500E-01 -9.835E-06 
 7.600E-01 -1.052E-05 
 7.700E-01 -1.121E-05 
 7.800E-01 -1.193E-05 
 7.900E-01 -1.267E-05 
 8.000E-01 -1.342E-05 
 8.100E-01 -1.418E-05 
 8.200E-01 -1.496E-05 
 8.300E-01 -1.576E-05 
 8.400E-01 -1.657E-05 
 8.500E-01 -1.739E-05 
 8.600E-01 -1.822E-05 
 8.700E-01 -1.907E-05 
 8.800E-01 -1.992E-05 
 8.900E-01 -2.079E-05 
 9.000E-01 -2.166E-05 
 9.100E-01 -2.254E-05 
 9.200E-01 -2.342E-05 
 9.300E-01 -2.422E-05 
 9.400E-01 -2.445E-05 
 9.500E-01 -2.363E-05 
 9.600E-01 -2.209E-05 
 9.700E-01 -2.037E-05 
 9.800E-01 -1.867E-05 
 9.900E-01 -1.702E-05 
 1.000E+00 -1.544E-05 
 1.010E+00 -1.394E-05 
 1.020E+00 -1.253E-05 
 1.030E+00 -1.121E-05 
 1.040E+00 -9.981E-06 
 1.050E+00 -8.838E-06 
 1.060E+00 -7.785E-06 
 1.070E+00 -6.821E-06 
 1.080E+00 -5.944E-06 
 1.090E+00 -5.151E-06 
 1.100E+00 -4.440E-06 
 1.110E+00 -3.806E-06 
 1.120E+00 -3.245E-06 
 1.130E+00 -2.752E-06 
 1.140E+00 -2.323E-06 
 1.150E+00 -1.951E-06 
 1.160E+00 -1.632E-06 
 1.170E+00 -1.359E-06 
 1.180E+00 -1.127E-06 
 1.190E+00 -9.322E-07 
 1.200E+00 -7.683E-07 
 1.210E+00 -6.316E-07 
 1.220E+00 -5.178E-07 
 1.230E+00 -4.236E-07 
 1.240E+00 -3.458E-07 
 1.250E+00 -2.818E-07 
 1.260E+00 -2.292E-07 
 1.270E+00 -1.861E-07 
 1.280E+00 -1.508E-07 
 1.290E+00 -1.220E-07 
 1.300E+00 -9.853E-08 
 1.310E+00 -7.943E-08 
 1.320E+00 -6.393E-08 
 1.330E+00 -5.136E-08 
 1.340E+00 -4.120E-08 
 1.350E+00 -3.299E-08 
 1.360E+00 -2.637E-08 
 1.370E+00 -2.105E-08 
 1.380E+00 -1.678E-08 
 1.390E+00 -1.336E-08 
 1.400E+00 -1.062E-08 
 1.410E+00 -8.431E-09 
 1.420E+00 -6.687E-09 
 1.430E+00 -5.298E-09 
 1.440E+00 -4.194E-09 
 1.450E+00 -3.317E-09 
 1.460E+00 -2.621E-09 
 1.470E+00 -2.070E-09 
 1.480E+00 -1.634E-09 
 1.490E+00 -1.289E-09 
 1.500E+00 -1.017E-09 
 1.510E+00 -8.018E-10 
 1.520E+00 -6.321E-10 
 1.530E+00 -4.982E-10 
 1.540E+00 -3.927E-10 
 1.550E+00 -3.097E-10 
 1.560E+00 -2.443E-10 
 1.570E+00 -1.928E-10 
 1.580E+00 -1.523E-10 
 1.590E+00 -1.204E-10 
 1.600E+00 -9.538E-11 
 1.610E+00 -7.569E-11 
 1.620E+00 -6.022E-11 
 1.630E+00 -4.806E-11 
 1.640E+00 -3.851E-11 
 1.650E+00 -3.101E-11 
 1.660E+00 -2.512E-11 
 1.670E+00 -2.049E-11 
 1.680E+00 -1.686E-11 
 1.690E+00 -1.401E-11 
 1.700E+00 -1.177E-11 
 1.710E+00 -1.001E-11 
 1.720E+00 -8.630E-12 
 1.730E+00 -7.547E-12 
 1.740E+00 -6.697E-12 
 1.750E+00 -6.031E-12 
 1.760E+00 -5.508E-12 
 1.770E+00 -5.097E-12 
 1.780E+00 -4.774E-12 
 1.790E+00 -4.522E-12 
 1.800E+00 -4.323E-12 
