#format table ## [Custom WaveView] saved 21:59:09 Sat Mar 11 2023
XVAL i(vvdd) 
 0.000E+00 -5.468E-12 
 1.000E-02 -6.056E-12 
 2.000E-02 -6.827E-12 
 3.000E-02 -7.839E-12 
 4.000E-02 -9.169E-12 
 5.000E-02 -1.092E-11 
 6.000E-02 -1.321E-11 
 7.000E-02 -1.622E-11 
 8.000E-02 -2.017E-11 
 9.000E-02 -2.535E-11 
 1.000E-01 -3.215E-11 
 1.100E-01 -4.106E-11 
 1.200E-01 -5.275E-11 
 1.300E-01 -6.805E-11 
 1.400E-01 -8.808E-11 
 1.500E-01 -1.143E-10 
 1.600E-01 -1.486E-10 
 1.700E-01 -1.934E-10 
 1.800E-01 -2.519E-10 
 1.900E-01 -3.282E-10 
 2.000E-01 -4.276E-10 
 2.100E-01 -5.569E-10 
 2.200E-01 -7.250E-10 
 2.300E-01 -9.432E-10 
 2.400E-01 -1.226E-09 
 2.500E-01 -1.591E-09 
 2.600E-01 -2.063E-09 
 2.700E-01 -2.670E-09 
 2.800E-01 -3.449E-09 
 2.900E-01 -4.448E-09 
 3.000E-01 -5.723E-09 
 3.100E-01 -7.347E-09 
 3.200E-01 -9.409E-09 
 3.300E-01 -1.202E-08 
 3.400E-01 -1.531E-08 
 3.500E-01 -1.944E-08 
 3.600E-01 -2.461E-08 
 3.700E-01 -3.107E-08 
 3.800E-01 -3.910E-08 
 3.900E-01 -4.905E-08 
 4.000E-01 -6.135E-08 
 4.100E-01 -7.648E-08 
 4.200E-01 -9.504E-08 
 4.300E-01 -1.177E-07 
 4.400E-01 -1.454E-07 
 4.500E-01 -1.789E-07 
 4.600E-01 -2.194E-07 
 4.700E-01 -2.681E-07 
 4.800E-01 -3.263E-07 
 4.900E-01 -3.955E-07 
 5.000E-01 -4.773E-07 
 5.100E-01 -5.734E-07 
 5.200E-01 -6.855E-07 
 5.300E-01 -8.152E-07 
 5.400E-01 -9.642E-07 
 5.500E-01 -1.134E-06 
 5.600E-01 -1.326E-06 
 5.700E-01 -1.542E-06 
 5.800E-01 -1.783E-06 
 5.900E-01 -2.049E-06 
 6.000E-01 -2.342E-06 
 6.100E-01 -2.662E-06 
 6.200E-01 -3.009E-06 
 6.300E-01 -3.383E-06 
 6.400E-01 -3.784E-06 
 6.500E-01 -4.212E-06 
 6.600E-01 -4.666E-06 
 6.700E-01 -5.146E-06 
 6.800E-01 -5.652E-06 
 6.900E-01 -6.182E-06 
 7.000E-01 -6.736E-06 
 7.100E-01 -7.313E-06 
 7.200E-01 -7.912E-06 
 7.300E-01 -8.533E-06 
 7.400E-01 -9.175E-06 
 7.500E-01 -9.837E-06 
 7.600E-01 -1.052E-05 
 7.700E-01 -1.122E-05 
 7.800E-01 -1.194E-05 
 7.900E-01 -1.267E-05 
 8.000E-01 -1.342E-05 
 8.100E-01 -1.419E-05 
 8.200E-01 -1.497E-05 
 8.300E-01 -1.577E-05 
 8.400E-01 -1.658E-05 
 8.500E-01 -1.740E-05 
 8.600E-01 -1.823E-05 
 8.700E-01 -1.908E-05 
 8.800E-01 -1.994E-05 
 8.900E-01 -2.081E-05 
 9.000E-01 -2.169E-05 
 9.100E-01 -2.258E-05 
 9.200E-01 -2.347E-05 
 9.300E-01 -2.437E-05 
 9.400E-01 -2.524E-05 
 9.500E-01 -2.582E-05 
 9.600E-01 -2.543E-05 
 9.700E-01 -2.396E-05 
 9.800E-01 -2.208E-05 
 9.900E-01 -2.016E-05 
 1.000E+00 -1.831E-05 
 1.010E+00 -1.654E-05 
 1.020E+00 -1.487E-05 
 1.030E+00 -1.331E-05 
 1.040E+00 -1.184E-05 
 1.050E+00 -1.049E-05 
 1.060E+00 -9.235E-06 
 1.070E+00 -8.089E-06 
 1.080E+00 -7.047E-06 
 1.090E+00 -6.105E-06 
 1.100E+00 -5.260E-06 
 1.110E+00 -4.508E-06 
 1.120E+00 -3.842E-06 
 1.130E+00 -3.258E-06 
 1.140E+00 -2.749E-06 
 1.150E+00 -2.308E-06 
 1.160E+00 -1.930E-06 
 1.170E+00 -1.607E-06 
 1.180E+00 -1.333E-06 
 1.190E+00 -1.102E-06 
 1.200E+00 -9.077E-07 
 1.210E+00 -7.460E-07 
 1.220E+00 -6.116E-07 
 1.230E+00 -5.002E-07 
 1.240E+00 -4.083E-07 
 1.250E+00 -3.326E-07 
 1.260E+00 -2.705E-07 
 1.270E+00 -2.196E-07 
 1.280E+00 -1.779E-07 
 1.290E+00 -1.439E-07 
 1.300E+00 -1.162E-07 
 1.310E+00 -9.369E-08 
 1.320E+00 -7.540E-08 
 1.330E+00 -6.057E-08 
 1.340E+00 -4.857E-08 
 1.350E+00 -3.889E-08 
 1.360E+00 -3.109E-08 
 1.370E+00 -2.481E-08 
 1.380E+00 -1.977E-08 
 1.390E+00 -1.574E-08 
 1.400E+00 -1.251E-08 
 1.410E+00 -9.931E-09 
 1.420E+00 -7.876E-09 
 1.430E+00 -6.239E-09 
 1.440E+00 -4.938E-09 
 1.450E+00 -3.905E-09 
 1.460E+00 -3.086E-09 
 1.470E+00 -2.437E-09 
 1.480E+00 -1.923E-09 
 1.490E+00 -1.517E-09 
 1.500E+00 -1.197E-09 
 1.510E+00 -9.432E-10 
 1.520E+00 -7.434E-10 
 1.530E+00 -5.858E-10 
 1.540E+00 -4.617E-10 
 1.550E+00 -3.639E-10 
 1.560E+00 -2.869E-10 
 1.570E+00 -2.263E-10 
 1.580E+00 -1.786E-10 
 1.590E+00 -1.411E-10 
 1.600E+00 -1.116E-10 
 1.610E+00 -8.845E-11 
 1.620E+00 -7.024E-11 
 1.630E+00 -5.593E-11 
 1.640E+00 -4.469E-11 
 1.650E+00 -3.586E-11 
 1.660E+00 -2.892E-11 
 1.670E+00 -2.348E-11 
 1.680E+00 -1.920E-11 
 1.690E+00 -1.585E-11 
 1.700E+00 -1.321E-11 
 1.710E+00 -1.114E-11 
 1.720E+00 -9.519E-12 
 1.730E+00 -8.245E-12 
 1.740E+00 -7.245E-12 
 1.750E+00 -6.461E-12 
 1.760E+00 -5.845E-12 
 1.770E+00 -5.361E-12 
 1.780E+00 -4.982E-12 
 1.790E+00 -4.684E-12 
 1.800E+00 -4.451E-12 
