#format table ## [Custom WaveView] saved 22:00:02 Sat Mar 11 2023
XVAL i(vvdd) 
 0.000E+00 -5.469E-12 
 1.000E-02 -6.056E-12 
 2.000E-02 -6.827E-12 
 3.000E-02 -7.840E-12 
 4.000E-02 -9.170E-12 
 5.000E-02 -1.092E-11 
 6.000E-02 -1.321E-11 
 7.000E-02 -1.622E-11 
 8.000E-02 -2.017E-11 
 9.000E-02 -2.535E-11 
 1.000E-01 -3.215E-11 
 1.100E-01 -4.106E-11 
 1.200E-01 -5.275E-11 
 1.300E-01 -6.805E-11 
 1.400E-01 -8.808E-11 
 1.500E-01 -1.143E-10 
 1.600E-01 -1.486E-10 
 1.700E-01 -1.934E-10 
 1.800E-01 -2.519E-10 
 1.900E-01 -3.282E-10 
 2.000E-01 -4.276E-10 
 2.100E-01 -5.569E-10 
 2.200E-01 -7.250E-10 
 2.300E-01 -9.432E-10 
 2.400E-01 -1.226E-09 
 2.500E-01 -1.591E-09 
 2.600E-01 -2.063E-09 
 2.700E-01 -2.670E-09 
 2.800E-01 -3.449E-09 
 2.900E-01 -4.448E-09 
 3.000E-01 -5.723E-09 
 3.100E-01 -7.347E-09 
 3.200E-01 -9.409E-09 
 3.300E-01 -1.202E-08 
 3.400E-01 -1.531E-08 
 3.500E-01 -1.944E-08 
 3.600E-01 -2.461E-08 
 3.700E-01 -3.107E-08 
 3.800E-01 -3.910E-08 
 3.900E-01 -4.905E-08 
 4.000E-01 -6.134E-08 
 4.100E-01 -7.647E-08 
 4.200E-01 -9.503E-08 
 4.300E-01 -1.177E-07 
 4.400E-01 -1.454E-07 
 4.500E-01 -1.789E-07 
 4.600E-01 -2.194E-07 
 4.700E-01 -2.680E-07 
 4.800E-01 -3.262E-07 
 4.900E-01 -3.955E-07 
 5.000E-01 -4.773E-07 
 5.100E-01 -5.733E-07 
 5.200E-01 -6.853E-07 
 5.300E-01 -8.149E-07 
 5.400E-01 -9.639E-07 
 5.500E-01 -1.134E-06 
 5.600E-01 -1.326E-06 
 5.700E-01 -1.542E-06 
 5.800E-01 -1.782E-06 
 5.900E-01 -2.048E-06 
 6.000E-01 -2.341E-06 
 6.100E-01 -2.660E-06 
 6.200E-01 -3.006E-06 
 6.300E-01 -3.379E-06 
 6.400E-01 -3.780E-06 
 6.500E-01 -4.207E-06 
 6.600E-01 -4.660E-06 
 6.700E-01 -5.139E-06 
 6.800E-01 -5.643E-06 
 6.900E-01 -6.172E-06 
 7.000E-01 -6.724E-06 
 7.100E-01 -7.299E-06 
 7.200E-01 -7.896E-06 
 7.300E-01 -8.514E-06 
 7.400E-01 -9.152E-06 
 7.500E-01 -9.810E-06 
 7.600E-01 -1.049E-05 
 7.700E-01 -1.118E-05 
 7.800E-01 -1.189E-05 
 7.900E-01 -1.262E-05 
 8.000E-01 -1.336E-05 
 8.100E-01 -1.412E-05 
 8.200E-01 -1.489E-05 
 8.300E-01 -1.567E-05 
 8.400E-01 -1.645E-05 
 8.500E-01 -1.719E-05 
 8.600E-01 -1.762E-05 
 8.700E-01 -1.743E-05 
 8.800E-01 -1.671E-05 
 8.900E-01 -1.580E-05 
 9.000E-01 -1.485E-05 
 9.100E-01 -1.391E-05 
 9.200E-01 -1.298E-05 
 9.300E-01 -1.208E-05 
 9.400E-01 -1.121E-05 
 9.500E-01 -1.036E-05 
 9.600E-01 -9.553E-06 
 9.700E-01 -8.775E-06 
 9.800E-01 -8.032E-06 
 9.900E-01 -7.324E-06 
 1.000E+00 -6.652E-06 
 1.010E+00 -6.016E-06 
 1.020E+00 -5.418E-06 
 1.030E+00 -4.856E-06 
 1.040E+00 -4.333E-06 
 1.050E+00 -3.847E-06 
 1.060E+00 -3.398E-06 
 1.070E+00 -2.986E-06 
 1.080E+00 -2.610E-06 
 1.090E+00 -2.269E-06 
 1.100E+00 -1.961E-06 
 1.110E+00 -1.687E-06 
 1.120E+00 -1.443E-06 
 1.130E+00 -1.227E-06 
 1.140E+00 -1.039E-06 
 1.150E+00 -8.752E-07 
 1.160E+00 -7.338E-07 
 1.170E+00 -6.126E-07 
 1.180E+00 -5.093E-07 
 1.190E+00 -4.220E-07 
 1.200E+00 -3.484E-07 
 1.210E+00 -2.869E-07 
 1.220E+00 -2.355E-07 
 1.230E+00 -1.929E-07 
 1.240E+00 -1.577E-07 
 1.250E+00 -1.286E-07 
 1.260E+00 -1.047E-07 
 1.270E+00 -8.512E-08 
 1.280E+00 -6.906E-08 
 1.290E+00 -5.594E-08 
 1.300E+00 -4.523E-08 
 1.310E+00 -3.651E-08 
 1.320E+00 -2.942E-08 
 1.330E+00 -2.366E-08 
 1.340E+00 -1.900E-08 
 1.350E+00 -1.523E-08 
 1.360E+00 -1.219E-08 
 1.370E+00 -9.744E-09 
 1.380E+00 -7.775E-09 
 1.390E+00 -6.195E-09 
 1.400E+00 -4.930E-09 
 1.410E+00 -3.918E-09 
 1.420E+00 -3.110E-09 
 1.430E+00 -2.467E-09 
 1.440E+00 -1.954E-09 
 1.450E+00 -1.547E-09 
 1.460E+00 -1.224E-09 
 1.470E+00 -9.674E-10 
 1.480E+00 -7.644E-10 
 1.490E+00 -6.037E-10 
 1.500E+00 -4.767E-10 
 1.510E+00 -3.764E-10 
 1.520E+00 -2.972E-10 
 1.530E+00 -2.348E-10 
 1.540E+00 -1.855E-10 
 1.550E+00 -1.467E-10 
 1.560E+00 -1.161E-10 
 1.570E+00 -9.209E-11 
 1.580E+00 -7.316E-11 
 1.590E+00 -5.826E-11 
 1.600E+00 -4.655E-11 
 1.610E+00 -3.734E-11 
 1.620E+00 -3.010E-11 
 1.630E+00 -2.441E-11 
 1.640E+00 -1.994E-11 
 1.650E+00 -1.643E-11 
 1.660E+00 -1.367E-11 
 1.670E+00 -1.151E-11 
 1.680E+00 -9.809E-12 
 1.690E+00 -8.473E-12 
 1.700E+00 -7.425E-12 
 1.710E+00 -6.602E-12 
 1.720E+00 -5.956E-12 
 1.730E+00 -5.449E-12 
 1.740E+00 -5.051E-12 
 1.750E+00 -4.738E-12 
 1.760E+00 -4.494E-12 
 1.770E+00 -4.301E-12 
 1.780E+00 -4.150E-12 
 1.790E+00 -4.032E-12 
 1.800E+00 -3.939E-12 
