#format table ## [Custom WaveView] saved 22:00:37 Sat Mar 11 2023
XVAL i(vvdd) 
 0.000E+00 -5.469E-12 
 1.000E-02 -6.056E-12 
 2.000E-02 -6.827E-12 
 3.000E-02 -7.840E-12 
 4.000E-02 -9.170E-12 
 5.000E-02 -1.092E-11 
 6.000E-02 -1.321E-11 
 7.000E-02 -1.622E-11 
 8.000E-02 -2.017E-11 
 9.000E-02 -2.535E-11 
 1.000E-01 -3.215E-11 
 1.100E-01 -4.106E-11 
 1.200E-01 -5.275E-11 
 1.300E-01 -6.805E-11 
 1.400E-01 -8.808E-11 
 1.500E-01 -1.143E-10 
 1.600E-01 -1.486E-10 
 1.700E-01 -1.934E-10 
 1.800E-01 -2.519E-10 
 1.900E-01 -3.282E-10 
 2.000E-01 -4.276E-10 
 2.100E-01 -5.569E-10 
 2.200E-01 -7.250E-10 
 2.300E-01 -9.432E-10 
 2.400E-01 -1.226E-09 
 2.500E-01 -1.591E-09 
 2.600E-01 -2.063E-09 
 2.700E-01 -2.670E-09 
 2.800E-01 -3.449E-09 
 2.900E-01 -4.448E-09 
 3.000E-01 -5.723E-09 
 3.100E-01 -7.347E-09 
 3.200E-01 -9.409E-09 
 3.300E-01 -1.202E-08 
 3.400E-01 -1.531E-08 
 3.500E-01 -1.944E-08 
 3.600E-01 -2.461E-08 
 3.700E-01 -3.107E-08 
 3.800E-01 -3.910E-08 
 3.900E-01 -4.905E-08 
 4.000E-01 -6.134E-08 
 4.100E-01 -7.647E-08 
 4.200E-01 -9.503E-08 
 4.300E-01 -1.177E-07 
 4.400E-01 -1.453E-07 
 4.500E-01 -1.789E-07 
 4.600E-01 -2.193E-07 
 4.700E-01 -2.680E-07 
 4.800E-01 -3.262E-07 
 4.900E-01 -3.954E-07 
 5.000E-01 -4.772E-07 
 5.100E-01 -5.732E-07 
 5.200E-01 -6.851E-07 
 5.300E-01 -8.146E-07 
 5.400E-01 -9.634E-07 
 5.500E-01 -1.133E-06 
 5.600E-01 -1.325E-06 
 5.700E-01 -1.541E-06 
 5.800E-01 -1.781E-06 
 5.900E-01 -2.046E-06 
 6.000E-01 -2.338E-06 
 6.100E-01 -2.657E-06 
 6.200E-01 -3.003E-06 
 6.300E-01 -3.375E-06 
 6.400E-01 -3.774E-06 
 6.500E-01 -4.200E-06 
 6.600E-01 -4.652E-06 
 6.700E-01 -5.129E-06 
 6.800E-01 -5.631E-06 
 6.900E-01 -6.157E-06 
 7.000E-01 -6.706E-06 
 7.100E-01 -7.277E-06 
 7.200E-01 -7.870E-06 
 7.300E-01 -8.483E-06 
 7.400E-01 -9.115E-06 
 7.500E-01 -9.765E-06 
 7.600E-01 -1.043E-05 
 7.700E-01 -1.111E-05 
 7.800E-01 -1.180E-05 
 7.900E-01 -1.247E-05 
 8.000E-01 -1.290E-05 
 8.100E-01 -1.287E-05 
 8.200E-01 -1.248E-05 
 8.300E-01 -1.194E-05 
 8.400E-01 -1.136E-05 
 8.500E-01 -1.077E-05 
 8.600E-01 -1.020E-05 
 8.700E-01 -9.633E-06 
 8.800E-01 -9.079E-06 
 8.900E-01 -8.539E-06 
 9.000E-01 -8.013E-06 
 9.100E-01 -7.501E-06 
 9.200E-01 -7.006E-06 
 9.300E-01 -6.526E-06 
 9.400E-01 -6.062E-06 
 9.500E-01 -5.615E-06 
 9.600E-01 -5.185E-06 
 9.700E-01 -4.773E-06 
 9.800E-01 -4.379E-06 
 9.900E-01 -4.003E-06 
 1.000E+00 -3.646E-06 
 1.010E+00 -3.307E-06 
 1.020E+00 -2.988E-06 
 1.030E+00 -2.687E-06 
 1.040E+00 -2.406E-06 
 1.050E+00 -2.144E-06 
 1.060E+00 -1.901E-06 
 1.070E+00 -1.677E-06 
 1.080E+00 -1.472E-06 
 1.090E+00 -1.285E-06 
 1.100E+00 -1.116E-06 
 1.110E+00 -9.640E-07 
 1.120E+00 -8.280E-07 
 1.130E+00 -7.075E-07 
 1.140E+00 -6.013E-07 
 1.150E+00 -5.085E-07 
 1.160E+00 -4.279E-07 
 1.170E+00 -3.584E-07 
 1.180E+00 -2.990E-07 
 1.190E+00 -2.484E-07 
 1.200E+00 -2.056E-07 
 1.210E+00 -1.697E-07 
 1.220E+00 -1.396E-07 
 1.230E+00 -1.146E-07 
 1.240E+00 -9.378E-08 
 1.250E+00 -7.662E-08 
 1.260E+00 -6.247E-08 
 1.270E+00 -5.084E-08 
 1.280E+00 -4.131E-08 
 1.290E+00 -3.350E-08 
 1.300E+00 -2.713E-08 
 1.310E+00 -2.193E-08 
 1.320E+00 -1.770E-08 
 1.330E+00 -1.426E-08 
 1.340E+00 -1.146E-08 
 1.350E+00 -9.205E-09 
 1.360E+00 -7.378E-09 
 1.370E+00 -5.905E-09 
 1.380E+00 -4.719E-09 
 1.390E+00 -3.765E-09 
 1.400E+00 -3.000E-09 
 1.410E+00 -2.387E-09 
 1.420E+00 -1.897E-09 
 1.430E+00 -1.507E-09 
 1.440E+00 -1.195E-09 
 1.450E+00 -9.471E-10 
 1.460E+00 -7.500E-10 
 1.470E+00 -5.936E-10 
 1.480E+00 -4.697E-10 
 1.490E+00 -3.715E-10 
 1.500E+00 -2.938E-10 
 1.510E+00 -2.324E-10 
 1.520E+00 -1.838E-10 
 1.530E+00 -1.456E-10 
 1.540E+00 -1.154E-10 
 1.550E+00 -9.154E-11 
 1.560E+00 -7.278E-11 
 1.570E+00 -5.801E-11 
 1.580E+00 -4.637E-11 
 1.590E+00 -3.722E-11 
 1.600E+00 -3.002E-11 
 1.610E+00 -2.436E-11 
 1.620E+00 -1.991E-11 
 1.630E+00 -1.641E-11 
 1.640E+00 -1.366E-11 
 1.650E+00 -1.150E-11 
 1.660E+00 -9.802E-12 
 1.670E+00 -8.470E-12 
 1.680E+00 -7.423E-12 
 1.690E+00 -6.601E-12 
 1.700E+00 -5.955E-12 
 1.710E+00 -5.449E-12 
 1.720E+00 -5.051E-12 
 1.730E+00 -4.739E-12 
 1.740E+00 -4.493E-12 
 1.750E+00 -4.301E-12 
 1.760E+00 -4.150E-12 
 1.770E+00 -4.032E-12 
 1.780E+00 -3.939E-12 
 1.790E+00 -3.866E-12 
 1.800E+00 -3.809E-12 
