#format table ## [Custom WaveView] saved 22:01:06 Sat Mar 11 2023
XVAL i(vvdd) 
 0.000E+00 -5.469E-12 
 1.000E-02 -6.056E-12 
 2.000E-02 -6.827E-12 
 3.000E-02 -7.840E-12 
 4.000E-02 -9.170E-12 
 5.000E-02 -1.092E-11 
 6.000E-02 -1.321E-11 
 7.000E-02 -1.622E-11 
 8.000E-02 -2.017E-11 
 9.000E-02 -2.535E-11 
 1.000E-01 -3.215E-11 
 1.100E-01 -4.106E-11 
 1.200E-01 -5.275E-11 
 1.300E-01 -6.805E-11 
 1.400E-01 -8.808E-11 
 1.500E-01 -1.143E-10 
 1.600E-01 -1.486E-10 
 1.700E-01 -1.934E-10 
 1.800E-01 -2.519E-10 
 1.900E-01 -3.282E-10 
 2.000E-01 -4.276E-10 
 2.100E-01 -5.569E-10 
 2.200E-01 -7.250E-10 
 2.300E-01 -9.432E-10 
 2.400E-01 -1.226E-09 
 2.500E-01 -1.591E-09 
 2.600E-01 -2.063E-09 
 2.700E-01 -2.669E-09 
 2.800E-01 -3.449E-09 
 2.900E-01 -4.447E-09 
 3.000E-01 -5.723E-09 
 3.100E-01 -7.347E-09 
 3.200E-01 -9.408E-09 
 3.300E-01 -1.202E-08 
 3.400E-01 -1.531E-08 
 3.500E-01 -1.944E-08 
 3.600E-01 -2.461E-08 
 3.700E-01 -3.107E-08 
 3.800E-01 -3.910E-08 
 3.900E-01 -4.905E-08 
 4.000E-01 -6.133E-08 
 4.100E-01 -7.646E-08 
 4.200E-01 -9.501E-08 
 4.300E-01 -1.177E-07 
 4.400E-01 -1.453E-07 
 4.500E-01 -1.788E-07 
 4.600E-01 -2.192E-07 
 4.700E-01 -2.679E-07 
 4.800E-01 -3.260E-07 
 4.900E-01 -3.951E-07 
 5.000E-01 -4.767E-07 
 5.100E-01 -5.726E-07 
 5.200E-01 -6.842E-07 
 5.300E-01 -8.135E-07 
 5.400E-01 -9.618E-07 
 5.500E-01 -1.131E-06 
 5.600E-01 -1.322E-06 
 5.700E-01 -1.537E-06 
 5.800E-01 -1.776E-06 
 5.900E-01 -2.040E-06 
 6.000E-01 -2.330E-06 
 6.100E-01 -2.646E-06 
 6.200E-01 -2.988E-06 
 6.300E-01 -3.357E-06 
 6.400E-01 -3.752E-06 
 6.500E-01 -4.172E-06 
 6.600E-01 -4.616E-06 
 6.700E-01 -5.084E-06 
 6.800E-01 -5.574E-06 
 6.900E-01 -6.084E-06 
 7.000E-01 -6.609E-06 
 7.100E-01 -7.128E-06 
 7.200E-01 -7.482E-06 
 7.300E-01 -7.538E-06 
 7.400E-01 -7.388E-06 
 7.500E-01 -7.160E-06 
 7.600E-01 -6.910E-06 
 7.700E-01 -6.655E-06 
 7.800E-01 -6.401E-06 
 7.900E-01 -6.149E-06 
 8.000E-01 -5.899E-06 
 8.100E-01 -5.653E-06 
 8.200E-01 -5.411E-06 
 8.300E-01 -5.172E-06 
 8.400E-01 -4.938E-06 
 8.500E-01 -4.707E-06 
 8.600E-01 -4.481E-06 
 8.700E-01 -4.260E-06 
 8.800E-01 -4.042E-06 
 8.900E-01 -3.830E-06 
 9.000E-01 -3.622E-06 
 9.100E-01 -3.420E-06 
 9.200E-01 -3.222E-06 
 9.300E-01 -3.030E-06 
 9.400E-01 -2.843E-06 
 9.500E-01 -2.661E-06 
 9.600E-01 -2.485E-06 
 9.700E-01 -2.314E-06 
 9.800E-01 -2.150E-06 
 9.900E-01 -1.991E-06 
 1.000E+00 -1.838E-06 
 1.010E+00 -1.692E-06 
 1.020E+00 -1.552E-06 
 1.030E+00 -1.418E-06 
 1.040E+00 -1.291E-06 
 1.050E+00 -1.171E-06 
 1.060E+00 -1.057E-06 
 1.070E+00 -9.502E-07 
 1.080E+00 -8.502E-07 
 1.090E+00 -7.572E-07 
 1.100E+00 -6.709E-07 
 1.110E+00 -5.915E-07 
 1.120E+00 -5.187E-07 
 1.130E+00 -4.524E-07 
 1.140E+00 -3.925E-07 
 1.150E+00 -3.386E-07 
 1.160E+00 -2.906E-07 
 1.170E+00 -2.480E-07 
 1.180E+00 -2.106E-07 
 1.190E+00 -1.779E-07 
 1.200E+00 -1.496E-07 
 1.210E+00 -1.252E-07 
 1.220E+00 -1.043E-07 
 1.230E+00 -8.662E-08 
 1.240E+00 -7.166E-08 
 1.250E+00 -5.909E-08 
 1.260E+00 -4.859E-08 
 1.270E+00 -3.986E-08 
 1.280E+00 -3.262E-08 
 1.290E+00 -2.664E-08 
 1.300E+00 -2.171E-08 
 1.310E+00 -1.766E-08 
 1.320E+00 -1.434E-08 
 1.330E+00 -1.163E-08 
 1.340E+00 -9.412E-09 
 1.350E+00 -7.605E-09 
 1.360E+00 -6.134E-09 
 1.370E+00 -4.940E-09 
 1.380E+00 -3.971E-09 
 1.390E+00 -3.187E-09 
 1.400E+00 -2.554E-09 
 1.410E+00 -2.043E-09 
 1.420E+00 -1.632E-09 
 1.430E+00 -1.302E-09 
 1.440E+00 -1.038E-09 
 1.450E+00 -8.258E-10 
 1.460E+00 -6.566E-10 
 1.470E+00 -5.216E-10 
 1.480E+00 -4.141E-10 
 1.490E+00 -3.285E-10 
 1.500E+00 -2.606E-10 
 1.510E+00 -2.067E-10 
 1.520E+00 -1.640E-10 
 1.530E+00 -1.302E-10 
 1.540E+00 -1.034E-10 
 1.550E+00 -8.227E-11 
 1.560E+00 -6.558E-11 
 1.570E+00 -5.240E-11 
 1.580E+00 -4.202E-11 
 1.590E+00 -3.383E-11 
 1.600E+00 -2.738E-11 
 1.610E+00 -2.230E-11 
 1.620E+00 -1.830E-11 
 1.630E+00 -1.515E-11 
 1.640E+00 -1.268E-11 
 1.650E+00 -1.073E-11 
 1.660E+00 -9.202E-12 
 1.670E+00 -8.000E-12 
 1.680E+00 -7.055E-12 
 1.690E+00 -6.313E-12 
 1.700E+00 -5.730E-12 
 1.710E+00 -5.272E-12 
 1.720E+00 -4.913E-12 
 1.730E+00 -4.631E-12 
 1.740E+00 -4.409E-12 
 1.750E+00 -4.235E-12 
 1.760E+00 -4.098E-12 
 1.770E+00 -3.991E-12 
 1.780E+00 -3.907E-12 
 1.790E+00 -3.841E-12 
 1.800E+00 -3.789E-12 
