#format table ## [Custom WaveView] saved 11:01:42 Sat Mar 18 2023
XVAL i(vds):0:vgs=0.9 i(vds):0:vgs=1.8 
 0.000E+00  0.000E+00  0.000E+00 
 5.000E-02 -5.189E-06 -1.544E-05 
 1.000E-01 -9.293E-06 -2.932E-05 
 1.500E-01 -1.243E-05 -4.178E-05 
 2.000E-01 -1.472E-05 -5.293E-05 
 2.500E-01 -1.630E-05 -6.288E-05 
 3.000E-01 -1.735E-05 -7.172E-05 
 3.500E-01 -1.807E-05 -7.954E-05 
 4.000E-01 -1.860E-05 -8.641E-05 
 4.500E-01 -1.900E-05 -9.237E-05 
 5.000E-01 -1.932E-05 -9.747E-05 
 5.500E-01 -1.959E-05 -1.017E-04 
 6.000E-01 -1.981E-05 -1.051E-04 
 6.500E-01 -2.000E-05 -1.077E-04 
 7.000E-01 -2.017E-05 -1.097E-04 
 7.500E-01 -2.032E-05 -1.112E-04 
 8.000E-01 -2.045E-05 -1.124E-04 
 8.500E-01 -2.056E-05 -1.133E-04 
 9.000E-01 -2.067E-05 -1.141E-04 
 9.500E-01 -2.077E-05 -1.147E-04 
 1.000E+00 -2.086E-05 -1.152E-04 
 1.050E+00 -2.094E-05 -1.157E-04 
 1.100E+00 -2.102E-05 -1.161E-04 
 1.150E+00 -2.109E-05 -1.165E-04 
 1.200E+00 -2.116E-05 -1.168E-04 
 1.250E+00 -2.122E-05 -1.171E-04 
 1.300E+00 -2.128E-05 -1.173E-04 
 1.350E+00 -2.134E-05 -1.176E-04 
 1.400E+00 -2.139E-05 -1.178E-04 
 1.450E+00 -2.145E-05 -1.180E-04 
 1.500E+00 -2.150E-05 -1.181E-04 
 1.550E+00 -2.155E-05 -1.183E-04 
 1.600E+00 -2.160E-05 -1.185E-04 
 1.650E+00 -2.164E-05 -1.186E-04 
 1.700E+00 -2.169E-05 -1.187E-04 
 1.750E+00 -2.173E-05 -1.189E-04 
 1.800E+00 -2.178E-05 -1.190E-04 
