#format table ## [Custom WaveView] saved 12:40:40 Sat Mar 18 2023
XVAL i(vds):0:vgs=-1.8 i(vds):0:vgs=-0.9 
-1.800E+00  3.456E-05  3.628E-06 
-1.790E+00  3.454E-05  3.626E-06 
-1.780E+00  3.452E-05  3.623E-06 
-1.770E+00  3.450E-05  3.620E-06 
-1.760E+00  3.448E-05  3.618E-06 
-1.750E+00  3.446E-05  3.615E-06 
-1.740E+00  3.444E-05  3.613E-06 
-1.730E+00  3.442E-05  3.610E-06 
-1.720E+00  3.440E-05  3.607E-06 
-1.710E+00  3.438E-05  3.605E-06 
-1.700E+00  3.436E-05  3.602E-06 
-1.690E+00  3.433E-05  3.599E-06 
-1.680E+00  3.431E-05  3.597E-06 
-1.670E+00  3.429E-05  3.594E-06 
-1.660E+00  3.427E-05  3.591E-06 
-1.650E+00  3.425E-05  3.589E-06 
-1.640E+00  3.422E-05  3.586E-06 
-1.630E+00  3.420E-05  3.584E-06 
-1.620E+00  3.418E-05  3.581E-06 
-1.610E+00  3.416E-05  3.578E-06 
-1.600E+00  3.413E-05  3.576E-06 
-1.590E+00  3.411E-05  3.573E-06 
-1.580E+00  3.409E-05  3.570E-06 
-1.570E+00  3.406E-05  3.568E-06 
-1.560E+00  3.404E-05  3.565E-06 
-1.550E+00  3.401E-05  3.563E-06 
-1.540E+00  3.399E-05  3.560E-06 
-1.530E+00  3.397E-05  3.557E-06 
-1.520E+00  3.394E-05  3.555E-06 
-1.510E+00  3.392E-05  3.552E-06 
-1.500E+00  3.389E-05  3.549E-06 
-1.490E+00  3.386E-05  3.547E-06 
-1.480E+00  3.384E-05  3.544E-06 
-1.470E+00  3.381E-05  3.542E-06 
-1.460E+00  3.379E-05  3.539E-06 
-1.450E+00  3.376E-05  3.536E-06 
-1.440E+00  3.373E-05  3.534E-06 
-1.430E+00  3.370E-05  3.531E-06 
-1.420E+00  3.368E-05  3.528E-06 
-1.410E+00  3.365E-05  3.526E-06 
-1.400E+00  3.362E-05  3.523E-06 
-1.390E+00  3.359E-05  3.520E-06 
-1.380E+00  3.356E-05  3.518E-06 
-1.370E+00  3.353E-05  3.515E-06 
-1.360E+00  3.350E-05  3.512E-06 
-1.350E+00  3.347E-05  3.510E-06 
-1.340E+00  3.344E-05  3.507E-06 
-1.330E+00  3.341E-05  3.504E-06 
-1.320E+00  3.338E-05  3.502E-06 
-1.310E+00  3.335E-05  3.499E-06 
-1.300E+00  3.332E-05  3.496E-06 
-1.290E+00  3.328E-05  3.493E-06 
-1.280E+00  3.325E-05  3.491E-06 
-1.270E+00  3.322E-05  3.488E-06 
-1.260E+00  3.318E-05  3.485E-06 
-1.250E+00  3.315E-05  3.483E-06 
-1.240E+00  3.311E-05  3.480E-06 
-1.230E+00  3.308E-05  3.477E-06 
-1.220E+00  3.304E-05  3.474E-06 
-1.210E+00  3.301E-05  3.472E-06 
-1.200E+00  3.297E-05  3.469E-06 
-1.190E+00  3.293E-05  3.466E-06 
-1.180E+00  3.289E-05  3.463E-06 
-1.170E+00  3.285E-05  3.460E-06 
-1.160E+00  3.281E-05  3.458E-06 
-1.150E+00  3.277E-05  3.455E-06 
-1.140E+00  3.273E-05  3.452E-06 
-1.130E+00  3.269E-05  3.449E-06 
-1.120E+00  3.265E-05  3.446E-06 
-1.110E+00  3.260E-05  3.443E-06 
-1.100E+00  3.256E-05  3.440E-06 
-1.090E+00  3.251E-05  3.437E-06 
-1.080E+00  3.247E-05  3.434E-06 
-1.070E+00  3.242E-05  3.431E-06 
-1.060E+00  3.237E-05  3.429E-06 
-1.050E+00  3.232E-05  3.426E-06 
-1.040E+00  3.227E-05  3.423E-06 
-1.030E+00  3.222E-05  3.420E-06 
-1.020E+00  3.216E-05  3.417E-06 
-1.010E+00  3.211E-05  3.413E-06 
-1.000E+00  3.205E-05  3.410E-06 
-9.900E-01  3.200E-05  3.407E-06 
-9.800E-01  3.193E-05  3.404E-06 
-9.700E-01  3.187E-05  3.401E-06 
-9.600E-01  3.181E-05  3.398E-06 
-9.500E-01  3.174E-05  3.395E-06 
-9.400E-01  3.167E-05  3.392E-06 
-9.300E-01  3.160E-05  3.388E-06 
-9.200E-01  3.153E-05  3.385E-06 
-9.100E-01  3.145E-05  3.382E-06 
-9.000E-01  3.137E-05  3.378E-06 
-8.900E-01  3.128E-05  3.375E-06 
-8.800E-01  3.119E-05  3.372E-06 
-8.700E-01  3.110E-05  3.368E-06 
-8.600E-01  3.101E-05  3.365E-06 
-8.500E-01  3.091E-05  3.362E-06 
-8.400E-01  3.080E-05  3.358E-06 
-8.300E-01  3.069E-05  3.355E-06 
-8.200E-01  3.058E-05  3.351E-06 
-8.100E-01  3.046E-05  3.347E-06 
-8.000E-01  3.033E-05  3.344E-06 
-7.900E-01  3.020E-05  3.340E-06 
-7.800E-01  3.007E-05  3.336E-06 
-7.700E-01  2.992E-05  3.333E-06 
-7.600E-01  2.978E-05  3.329E-06 
-7.500E-01  2.963E-05  3.325E-06 
-7.400E-01  2.947E-05  3.321E-06 
-7.300E-01  2.930E-05  3.317E-06 
-7.200E-01  2.913E-05  3.314E-06 
-7.100E-01  2.896E-05  3.310E-06 
-7.000E-01  2.878E-05  3.305E-06 
-6.900E-01  2.859E-05  3.301E-06 
-6.800E-01  2.840E-05  3.297E-06 
-6.700E-01  2.820E-05  3.293E-06 
-6.600E-01  2.799E-05  3.289E-06 
-6.500E-01  2.778E-05  3.285E-06 
-6.400E-01  2.756E-05  3.280E-06 
-6.300E-01  2.734E-05  3.276E-06 
-6.200E-01  2.711E-05  3.271E-06 
-6.100E-01  2.687E-05  3.267E-06 
-6.000E-01  2.663E-05  3.262E-06 
-5.900E-01  2.638E-05  3.257E-06 
-5.800E-01  2.612E-05  3.253E-06 
-5.700E-01  2.586E-05  3.248E-06 
-5.600E-01  2.559E-05  3.243E-06 
-5.500E-01  2.532E-05  3.238E-06 
-5.400E-01  2.504E-05  3.233E-06 
-5.300E-01  2.475E-05  3.228E-06 
-5.200E-01  2.446E-05  3.222E-06 
-5.100E-01  2.416E-05  3.217E-06 
-5.000E-01  2.385E-05  3.211E-06 
-4.900E-01  2.354E-05  3.206E-06 
-4.800E-01  2.322E-05  3.200E-06 
-4.700E-01  2.289E-05  3.194E-06 
-4.600E-01  2.256E-05  3.188E-06 
-4.500E-01  2.222E-05  3.182E-06 
-4.400E-01  2.187E-05  3.175E-06 
-4.300E-01  2.152E-05  3.169E-06 
-4.200E-01  2.116E-05  3.162E-06 
-4.100E-01  2.080E-05  3.155E-06 
-4.000E-01  2.042E-05  3.147E-06 
-3.900E-01  2.005E-05  3.140E-06 
-3.800E-01  1.966E-05  3.132E-06 
-3.700E-01  1.927E-05  3.123E-06 
-3.600E-01  1.887E-05  3.114E-06 
-3.500E-01  1.847E-05  3.104E-06 
-3.400E-01  1.805E-05  3.093E-06 
-3.300E-01  1.764E-05  3.082E-06 
-3.200E-01  1.721E-05  3.069E-06 
-3.100E-01  1.678E-05  3.054E-06 
-3.000E-01  1.634E-05  3.038E-06 
-2.900E-01  1.590E-05  3.020E-06 
-2.800E-01  1.544E-05  2.999E-06 
-2.700E-01  1.498E-05  2.975E-06 
-2.600E-01  1.452E-05  2.947E-06 
-2.500E-01  1.405E-05  2.915E-06 
-2.400E-01  1.357E-05  2.879E-06 
-2.300E-01  1.308E-05  2.837E-06 
-2.200E-01  1.259E-05  2.790E-06 
-2.100E-01  1.209E-05  2.737E-06 
-2.000E-01  1.158E-05  2.678E-06 
-1.900E-01  1.107E-05  2.613E-06 
-1.800E-01  1.055E-05  2.540E-06 
-1.700E-01  1.002E-05  2.462E-06 
-1.600E-01  9.489E-06  2.376E-06 
-1.500E-01  8.949E-06  2.283E-06 
-1.400E-01  8.401E-06  2.183E-06 
-1.300E-01  7.846E-06  2.075E-06 
-1.200E-01  7.285E-06  1.961E-06 
-1.100E-01  6.716E-06  1.839E-06 
-1.000E-01  6.141E-06  1.709E-06 
-9.000E-02  5.558E-06  1.573E-06 
-8.000E-02  4.969E-06  1.428E-06 
-7.000E-02  4.373E-06  1.276E-06 
-6.000E-02  3.769E-06  1.117E-06 
-5.000E-02  3.159E-06  9.500E-07 
-4.000E-02  2.541E-06  7.753E-07 
-3.000E-02  1.916E-06  5.930E-07 
-2.000E-02  1.285E-06  4.031E-07 
-1.000E-02  6.459E-07  2.054E-07 
 0.000E+00 -2.776E-17 -2.776E-17 
