#format table ## [Custom WaveView] saved 14:35:21 Sat Mar 18 2023
TIME v(y) 
 0.000E+00  1.800E+00 
 1.000E-12  1.800E+00 
 2.000E-12  1.800E+00 
 5.200E-12  1.800E+00 
 1.544E-11  1.800E+00 
 2.500E-11  1.800E+00 
 2.501E-11  1.878E+00 
 2.506E-11  2.133E+00 
 2.510E-11  2.354E+00 
 2.513E-11  2.352E+00 
 2.514E-11  2.351E+00 
 2.516E-11  2.349E+00 
 2.523E-11  2.341E+00 
 2.532E-11  2.330E+00 
 2.551E-11  2.308E+00 
 2.606E-11  2.237E+00 
 2.738E-11  2.038E+00 
 3.110E-11  1.435E+00 
 3.318E-11  1.089E+00 
 3.800E-11  4.466E-01 
 4.092E-11  2.394E-01 
 4.478E-11  9.856E-02 
 4.870E-11  3.751E-02 
 5.273E-11  1.337E-02 
 5.762E-11  3.665E-03 
 6.354E-11  9.168E-04 
 7.147E-11  1.078E-04 
 8.232E-11 -1.158E-06 
 1.012E-10  2.099E-07 
 1.312E-10  1.264E-07 
 1.612E-10 -1.358E-07 
 1.912E-10  1.367E-07 
 2.212E-10 -8.182E-08 
 2.251E-10  8.733E-08 
 2.251E-10 -7.490E-02 
 2.252E-10 -2.485E-01 
 2.252E-10 -5.270E-01 
 2.252E-10 -5.274E-01 
 2.252E-10 -5.273E-01 
 2.253E-10 -5.266E-01 
 2.253E-10 -5.242E-01 
 2.254E-10 -5.214E-01 
 2.256E-10 -5.156E-01 
 2.261E-10 -4.976E-01 
 2.273E-10 -4.554E-01 
 2.308E-10 -3.174E-01 
 2.354E-10 -1.160E-01 
 2.424E-10  1.991E-01 
 2.497E-10  5.372E-01 
 2.627E-10  1.098E+00 
 2.711E-10  1.359E+00 
 2.792E-10  1.510E+00 
 2.891E-10  1.622E+00 
 2.967E-10  1.678E+00 
 3.074E-10  1.728E+00 
 3.199E-10  1.762E+00 
 3.342E-10  1.781E+00 
 3.503E-10  1.792E+00 
 3.703E-10  1.797E+00 
 3.957E-10  1.799E+00 
 4.257E-10  1.800E+00 
 4.557E-10  1.800E+00 
 4.857E-10  1.800E+00 
 5.157E-10  1.800E+00 
 5.457E-10  1.800E+00 
 5.757E-10  1.800E+00 
 6.000E-10  1.800E+00 
