#format table ## [Custom WaveView] saved 19:05:01 Mon Mar 20 2023
TIME v(y) 
 0.000E+00  1.800E+00 
 1.000E-12  1.800E+00 
 2.000E-12  1.800E+00 
 5.200E-12  1.800E+00 
 1.544E-11  1.800E+00 
 2.500E-11  1.800E+00 
 2.501E-11  1.878E+00 
 2.506E-11  2.136E+00 
 2.510E-11  2.359E+00 
 2.513E-11  2.357E+00 
 2.514E-11  2.356E+00 
 2.516E-11  2.353E+00 
 2.523E-11  2.344E+00 
 2.532E-11  2.333E+00 
 2.551E-11  2.307E+00 
 2.607E-11  2.224E+00 
 2.741E-11  1.999E+00 
 2.956E-11  1.621E+00 
 3.188E-11  1.199E+00 
 3.663E-11  4.731E-01 
 3.945E-11  2.407E-01 
 4.280E-11  9.973E-02 
 4.688E-11  3.082E-02 
 5.048E-11  1.057E-02 
 5.500E-11  2.588E-03 
 6.046E-11  5.900E-04 
 6.812E-11  4.303E-05 
 7.877E-11 -1.665E-06 
 9.827E-11  1.640E-07 
 1.283E-10 -1.689E-07 
 1.583E-10 -2.553E-07 
 1.883E-10 -6.596E-08 
 2.183E-10 -2.484E-07 
 2.251E-10 -8.886E-08 
 2.251E-10 -7.403E-02 
 2.252E-10 -3.048E-01 
 2.252E-10 -5.187E-01 
 2.252E-10 -5.192E-01 
 2.252E-10 -5.191E-01 
 2.253E-10 -5.184E-01 
 2.253E-10 -5.160E-01 
 2.254E-10 -5.133E-01 
 2.256E-10 -5.077E-01 
 2.261E-10 -4.909E-01 
 2.274E-10 -4.530E-01 
 2.309E-10 -3.382E-01 
 2.360E-10 -1.554E-01 
 2.454E-10  2.011E-01 
 2.524E-10  4.752E-01 
 2.683E-10  1.065E+00 
 2.781E-10  1.343E+00 
 2.873E-10  1.499E+00 
 2.971E-10  1.601E+00 
 3.059E-10  1.663E+00 
 3.170E-10  1.715E+00 
 3.306E-10  1.752E+00 
 3.456E-10  1.775E+00 
 3.636E-10  1.788E+00 
 3.850E-10  1.795E+00 
 4.120E-10  1.798E+00 
 4.420E-10  1.799E+00 
 4.720E-10  1.800E+00 
 5.020E-10  1.800E+00 
 5.320E-10  1.800E+00 
 5.620E-10  1.800E+00 
 5.920E-10  1.800E+00 
 6.000E-10  1.800E+00 
