#format table ## [Custom WaveView] saved 14:36:15 Sat Mar 18 2023
TIME v(y) 
 0.000E+00  1.800E+00 
 1.000E-12  1.800E+00 
 2.000E-12  1.800E+00 
 5.200E-12  1.800E+00 
 1.544E-11  1.800E+00 
 2.500E-11  1.800E+00 
 2.501E-11  1.883E+00 
 2.506E-11  2.154E+00 
 2.510E-11  2.394E+00 
 2.513E-11  2.392E+00 
 2.514E-11  2.391E+00 
 2.516E-11  2.388E+00 
 2.523E-11  2.378E+00 
 2.531E-11  2.366E+00 
 2.549E-11  2.341E+00 
 2.601E-11  2.263E+00 
 2.726E-11  2.031E+00 
 2.899E-11  1.672E+00 
 3.093E-11  1.258E+00 
 3.389E-11  6.575E-01 
 3.547E-11  4.373E-01 
 3.705E-11  2.873E-01 
 3.935E-11  1.505E-01 
 4.318E-11  4.700E-02 
 4.618E-11  1.826E-02 
 5.016E-11  4.876E-03 
 5.475E-11  1.009E-03 
 6.104E-11  1.419E-04 
 6.962E-11  2.683E-06 
 8.317E-11 -9.353E-07 
 1.091E-10  6.770E-07 
 1.391E-10 -4.229E-07 
 1.691E-10  2.935E-07 
 1.991E-10 -1.768E-07 
 2.251E-10  1.335E-07 
 2.251E-10 -2.614E-01 
 2.252E-10 -5.652E-01 
 2.252E-10 -5.662E-01 
 2.252E-10 -5.660E-01 
 2.252E-10 -5.654E-01 
 2.253E-10 -5.633E-01 
 2.253E-10 -5.604E-01 
 2.254E-10 -5.557E-01 
 2.257E-10 -5.409E-01 
 2.267E-10 -4.949E-01 
 2.299E-10 -3.383E-01 
 2.334E-10 -1.318E-01 
 2.397E-10  2.500E-01 
 2.448E-10  5.649E-01 
 2.555E-10  1.164E+00 
 2.618E-10  1.392E+00 
 2.685E-10  1.533E+00 
 2.827E-10  1.685E+00 
 2.882E-10  1.718E+00 
 2.989E-10  1.757E+00 
 3.106E-10  1.779E+00 
 3.246E-10  1.791E+00 
 3.405E-10  1.797E+00 
 3.610E-10  1.799E+00 
 3.884E-10  1.800E+00 
 4.184E-10  1.800E+00 
 4.484E-10  1.800E+00 
 4.784E-10  1.800E+00 
 5.084E-10  1.800E+00 
 5.384E-10  1.800E+00 
 5.684E-10  1.800E+00 
 6.000E-10  1.800E+00 
