#format table ## [Custom WaveView] saved 14:36:46 Sat Mar 18 2023
TIME v(y) 
 0.000E+00  1.800E+00 
 1.000E-12  1.800E+00 
 2.000E-12  1.800E+00 
 5.200E-12  1.800E+00 
 1.544E-11  1.800E+00 
 2.500E-11  1.800E+00 
 2.501E-11  1.873E+00 
 2.506E-11  2.111E+00 
 2.510E-11  2.313E+00 
 2.513E-11  2.311E+00 
 2.514E-11  2.311E+00 
 2.517E-11  2.308E+00 
 2.524E-11  2.301E+00 
 2.533E-11  2.291E+00 
 2.554E-11  2.270E+00 
 2.613E-11  2.204E+00 
 2.755E-11  2.035E+00 
 3.013E-11  1.716E+00 
 3.334E-11  1.305E+00 
 3.960E-11  5.822E-01 
 4.353E-11  3.074E-01 
 4.750E-11  1.538E-01 
 5.473E-11  3.791E-02 
 5.881E-11  1.693E-02 
 6.474E-11  5.014E-03 
 7.123E-11  1.504E-03 
 8.051E-11  2.212E-04 
 9.216E-11  1.069E-05 
 1.117E-10 -1.864E-06 
 1.417E-10  7.401E-07 
 1.717E-10 -3.403E-07 
 2.017E-10  1.480E-07 
 2.251E-10 -9.610E-08 
 2.251E-10 -2.294E-01 
 2.252E-10 -4.870E-01 
 2.252E-10 -4.876E-01 
 2.252E-10 -4.876E-01 
 2.252E-10 -4.872E-01 
 2.253E-10 -4.860E-01 
 2.254E-10 -4.843E-01 
 2.255E-10 -4.814E-01 
 2.258E-10 -4.720E-01 
 2.269E-10 -4.416E-01 
 2.305E-10 -3.358E-01 
 2.372E-10 -1.241E-01 
 2.446E-10  1.233E-01 
 2.544E-10  4.594E-01 
 2.710E-10  1.009E+00 
 2.825E-10  1.314E+00 
 2.926E-10  1.481E+00 
 3.028E-10  1.588E+00 
 3.133E-10  1.661E+00 
 3.249E-10  1.712E+00 
 3.391E-10  1.751E+00 
 3.548E-10  1.774E+00 
 3.736E-10  1.788E+00 
 3.960E-10  1.795E+00 
 4.240E-10  1.798E+00 
 4.540E-10  1.799E+00 
 4.840E-10  1.800E+00 
 5.140E-10  1.800E+00 
 5.440E-10  1.800E+00 
 5.740E-10  1.800E+00 
 6.000E-10  1.800E+00 
