#format table ## [Custom WaveView] saved 19:05:43 Mon Mar 20 2023
TIME v(y) 
 0.000E+00  1.800E+00 
 1.000E-12  1.800E+00 
 2.000E-12  1.800E+00 
 5.200E-12  1.800E+00 
 1.544E-11  1.800E+00 
 2.500E-11  1.800E+00 
 2.501E-11  1.877E+00 
 2.506E-11  2.129E+00 
 2.510E-11  2.349E+00 
 2.513E-11  2.348E+00 
 2.514E-11  2.347E+00 
 2.516E-11  2.344E+00 
 2.523E-11  2.337E+00 
 2.532E-11  2.328E+00 
 2.551E-11  2.308E+00 
 2.606E-11  2.247E+00 
 2.735E-11  2.077E+00 
 2.973E-11  1.735E+00 
 3.208E-11  1.385E+00 
 3.599E-11  8.156E-01 
 4.040E-11  3.702E-01 
 4.347E-11  2.067E-01 
 4.946E-11  6.111E-02 
 5.297E-11  2.901E-02 
 5.805E-11  9.511E-03 
 6.367E-11  2.687E-03 
 7.111E-11  5.844E-04 
 8.065E-11  6.110E-05 
 9.436E-11 -2.981E-06 
 1.177E-10  9.231E-07 
 1.477E-10 -2.634E-07 
 1.777E-10  1.008E-07 
 2.077E-10 -9.583E-09 
 2.251E-10  1.370E-08 
 2.251E-10 -2.490E-01 
 2.252E-10 -5.347E-01 
 2.252E-10 -5.354E-01 
 2.252E-10 -5.353E-01 
 2.252E-10 -5.348E-01 
 2.253E-10 -5.330E-01 
 2.254E-10 -5.305E-01 
 2.255E-10 -5.263E-01 
 2.258E-10 -5.129E-01 
 2.269E-10 -4.695E-01 
 2.303E-10 -3.104E-01 
 2.347E-10 -8.653E-02 
 2.400E-10  1.979E-01 
 2.476E-10  6.055E-01 
 2.580E-10  1.123E+00 
 2.655E-10  1.379E+00 
 2.726E-10  1.523E+00 
 2.848E-10  1.660E+00 
 2.913E-10  1.704E+00 
 3.018E-10  1.748E+00 
 3.137E-10  1.774E+00 
 3.275E-10  1.788E+00 
 3.433E-10  1.795E+00 
 3.631E-10  1.798E+00 
 3.891E-10  1.800E+00 
 4.191E-10  1.800E+00 
 4.491E-10  1.800E+00 
 4.791E-10  1.800E+00 
 5.091E-10  1.800E+00 
 5.391E-10  1.800E+00 
 5.691E-10  1.800E+00 
 6.000E-10  1.800E+00 
